18179.0 61.6750717163
18170.0 6.16192817688
18163.0 6.49905204773
18163.0 2.21920013428
18159.0 5.72395324707
18151.0 5.69415092468
18145.0 5.61904907227
18110.0 5.61022758484
18110.0 2.2931098938
18106.0 5.53107261658
18083.0 5.64908981323
18064.0 16.8859958649
18064.0 2.21586227417
18058.0 5.55491447449
18053.0 5.69796562195
18032.0 5.64289093018
18032.0 2.27999687195
18024.0 5.77092170715
17996.0 5.57494163513
17977.0 5.65886497498
17977.0 2.25305557251
17977.0 2.28905677795
17977.0 2.28810310364
17962.0 5.77211380005
17962.0 2.27093696594
17949.0 5.69486618042
17883.0 5.774974823
17883.0 2.22301483154
17872.0 5.64098358154
17872.0 2.37107276917
17872.0 2.19297409058
17872.0 2.2177696228
17831.0 6.02197647095
17824.0 5.79786300659
17800.0 5.54299354553
17790.0 5.58805465698
17790.0 2.19106674194
17777.0 5.5718421936
17776.0 7.68899917603
17775.0 5.6209564209
17775.0 2.77090072632
17765.0 5.69200515747
17754.0 5.65481185913
17722.0 5.62214851379
17722.0 13.4489536285
17722.0 2.23803520203
17722.0 2.25710868835
17713.0 5.77688217163
17703.0 7.7919960022
17703.0 2.29406356812
17703.0 2.29716300964
17672.0 5.65791130066
17672.0 2.26902961731
17663.0 5.80787658691
17636.0 5.67603111267
17636.0 2.25901603699
17636.0 2.31909751892
17636.0 2.18987464905
17618.0 5.60903549194
17618.0 2.2759437561
17618.0 2.21014022827
17595.0 5.60212135315
17580.0 8.02111625671
17552.0 5.67221641541
17552.0 2.22301483154
17540.0 5.69796562195
17540.0 2.26283073425
17540.0 2.27308273315
17518.0 5.863904953
17518.0 2.29382514954
17506.0 5.66601753235
17506.0 2.32911109924
17487.0 6.1891078949
17487.0 2.31695175171
17480.0 5.86700439453
17480.0 2.20799446106
17465.0 5.67603111267
17439.0 16.9639587402
17439.0 2.19798088074
17439.0 2.20012664795
17426.0 5.72514533997
17426.0 2.33793258667
17406.0 6.93011283875
17383.0 6.00504875183
17383.0 2.28595733643
17368.0 5.57589530945
17362.0 5.76210021973
17362.0 2.19488143921
17362.0 2.24208831787
17304.0 5.73182106018
17301.0 5.56993484497
17233.0 5.51986694336
17233.0 2.35819816589
17233.0 2.20894813538
17233.0 2.18415260315
17217.0 5.71084022522
17217.0 2.23612785339
17194.0 5.64503669739
17189.0 5.87701797485
17186.0 5.5730342865
17186.0 2.25019454956
17168.0 5.62596321106
17165.0 5.56802749634
17165.0 2.22587585449
17165.0 2.30884552002
17123.0 5.70201873779
17059.0 7.99417495728
17059.0 2.33197212219
17059.0 2.1550655365
17020.0 5.61094284058
17001.0 5.75804710388
17000.0 16.5150165558
16995.0 5.50293922424
16981.0 5.67698478699
16966.0 5.539894104
16944.0 5.79309463501
16944.0 2.2599697113
16944.0 2.23803520203
16941.0 5.59496879578
16941.0 2.19798088074
16941.0 2.19798088074
16941.0 2.21991539001
16936.0 5.57112693787
16934.0 5.62310218811
16923.0 5.58519363403
16923.0 2.19917297363
16922.0 5.6369304657
16922.0 2.22301483154
16906.0 5.52296638489
16861.0 5.8491230011
16844.0 5.6459903717
16839.0 5.57589530945
16839.0 2.19202041626
16839.0 2.27785110474
16839.0 2.20203399658
16839.0 2.26616859436
16839.0 2.1641254425
16818.0 5.69701194763
16818.0 2.20704078674
16811.0 5.55396080017
16783.0 5.51915168762
16783.0 2.25496292114
16783.0 2.24208831787
16783.0 2.25710868835
16775.0 5.69200515747
16752.0 5.66005706787
16752.0 2.21180915833
16752.0 2.18200683594
16732.0 5.57208061218
16732.0 2.16913223267
16721.0 16.6850090027
16707.0 5.55396080017
16696.0 5.52606582642
16696.0 2.43401527405
16696.0 2.2029876709
16696.0 2.2668838501
16696.0 2.19702720642
16637.0 5.71703910828
16609.0 5.72514533997
16571.0 5.71298599243
16545.0 5.55396080017
16513.0 5.53798675537
16513.0 2.286195755
16510.0 5.62596321106
16494.0 5.63097000122
16450.0 5.63097000122
16432.0 5.52105903625
16428.0 5.63287734985
16427.0 5.59711456299
16411.0 5.61285018921
16403.0 5.59997558594
16403.0 2.24590301514
16403.0 2.15482711792
16403.0 2.23517417908
16376.0 5.82194328308
16376.0 2.19416618347
16376.0 4.1868686676
16376.0 2.28381156921
16329.0 5.59687614441
16329.0 2.24900245667
16327.0 5.66601753235
16327.0 2.17390060425
16327.0 2.17199325562
16327.0 13.3521556854
16327.0 2.23803520203
16327.0 2.26402282715
16327.0 2.33197212219
16327.0 2.16603279114
16318.0 5.80501556396
16295.0 9.49501991272
16293.0 7.38596916199
16293.0 2.50601768494
16285.0 6.67095184326
16268.0 6.29687309265
16268.0 2.43997573853
16268.0 2.6261806488
16249.0 6.44016265869
16244.0 6.5062046051
16244.0 2.53081321716
16240.0 6.44898414612
16240.0 2.55918502808
16226.0 6.48903846741
16209.0 6.4640045166
16198.0 6.4799785614
16193.0 6.46805763245
16157.0 8.02993774414
16157.0 4.7299861908
16157.0 3.04222106934
16157.0 3.17096710205
16110.0 6.6339969635
16110.0 2.61306762695
16110.0 2.42614746094
16110.0 2.48503684998
16110.0 2.52199172974
16076.0 6.42013549805
16076.0 2.7129650116
16041.0 19.092798233
15994.0 6.42204284668
15994.0 2.48885154724
15994.0 2.64596939087
15976.0 6.30688667297
15966.0 6.46090507507
15966.0 2.72107124329
15966.0 2.51698493958
15926.0 6.48093223572
15926.0 2.68793106079
15926.0 2.53891944885
15926.0 2.55393981934
15898.0 6.64782524109
15898.0 2.48503684998
15898.0 2.44498252869
15898.0 2.54511833191
15898.0 2.47597694397
15883.0 6.16502761841
15883.0 2.36177444458
15866.0 5.78594207764
15864.0 5.8422088623
15857.0 11.8870735168
15857.0 4.34398651123
15857.0 2.38108634949
15857.0 3.32498550415
15837.0 8.20112228394
15837.0 3.25703620911
15837.0 2.36010551453
15763.0 6.3488483429
15736.0 6.55102729797
15736.0 2.27403640747
15685.0 5.56588172913
15670.0 5.58996200562
15658.0 5.68985939026
15632.0 16.6449546814
15632.0 2.3250579834
15592.0 5.59186935425
15588.0 5.56802749634
15588.0 2.32601165771
15547.0 5.63383102417
15547.0 2.24709510803
15529.0 9.65094566345
15525.0 6.00218772888
15517.0 5.76210021973
15516.0 5.60283660889
15516.0 2.26306915283
15516.0 2.20704078674
15516.0 2.17914581299
15498.0 5.67388534546
15483.0 5.74588775635
15483.0 2.31099128723
15476.0 5.60903549194
15458.0 5.59401512146
15458.0 2.2919178009
15458.0 2.2599697113
15458.0 2.24709510803
15458.0 2.28500366211
15430.0 5.68199157715
15380.0 5.61285018921
15380.0 2.20394134521
15379.0 5.68795204163
15367.0 5.75089454651
15367.0 2.25281715393
15354.0 5.77902793884
15354.0 2.26616859436
15354.0 2.22301483154
15349.0 5.68199157715
15349.0 2.94995307922
15349.0 2.39396095276
15349.0 2.22992897034
15329.0 5.8069229126
15319.0 5.68509101868
15319.0 2.29001045227
15319.0 13.3287906647
15315.0 5.863904953
15274.0 5.61618804932
15274.0 2.3980140686
15274.0 2.18796730042
15259.0 5.67317008972
15259.0 2.31695175171
15259.0 2.26402282715
15259.0 2.2189617157
15230.0 5.71703910828
15230.0 2.26616859436
15230.0 2.19511985779
15230.0 2.31194496155
15230.0 2.24900245667
15202.0 5.68008422852
15202.0 2.33101844788
15202.0 2.25806236267
15202.0 2.21395492554
15145.0 5.6369304657
15145.0 2.27117538452
15145.0 2.25210189819
15118.0 5.70702552795
15118.0 2.26998329163
15118.0 2.23684310913
15102.0 5.69605827332
15091.0 5.52415847778
15091.0 2.32601165771
15086.0 5.96809387207
15076.0 5.85508346558
14999.0 6.16598129272
14999.0 2.54392623901
14999.0 2.47192382812
14999.0 2.3410320282
14997.0 17.0919895172
14947.0 5.76281547546
14923.0 5.5558681488
14923.0 2.33697891235
14923.0 2.21300125122
14889.0 5.76686859131
14889.0 2.35199928284
14854.0 5.73492050171
14853.0 5.60784339905
14853.0 2.25901603699
14840.0 5.71203231812
14840.0 2.2988319397
14840.0 2.31504440308
14840.0 2.24685668945
14840.0 2.28595733643
14840.0 2.32410430908
14814.0 5.76901435852
14814.0 2.23088264465
14814.0 2.36105918884
14814.0 2.22492218018
14814.0 2.25186347961
14814.0 2.3238658905
14810.0 5.64408302307
14810.0 2.26402282715
14803.0 5.7258605957
14796.0 5.48601150513
14796.0 2.18486785889
14796.0 2.35795974731
14796.0 2.25615501404
14729.0 5.59306144714
14729.0 2.27904319763
14668.0 5.54895401001
14666.0 5.65910339355
14648.0 17.2641277313
14644.0 5.6848526001
14644.0 2.33197212219
14644.0 2.34293937683
14640.0 5.64384460449
14640.0 2.28691101074
14637.0 5.70893287659
14614.0 5.52606582642
14609.0 5.48315048218
14585.0 5.76210021973
14545.0 5.60903549194
14545.0 2.2668838501
14545.0 2.31599807739
14531.0 5.8000087738
14522.0 5.79214096069
14522.0 2.40111351013
14522.0 2.23088264465
14510.0 5.61285018921
14510.0 2.34699249268
14510.0 2.21395492554
14510.0 2.36701965332
14510.0 2.35199928284
14510.0 2.26593017578
14510.0 2.25782394409
14510.0 2.357006073
14510.0 2.24113464355
14458.0 5.71203231812
14407.0 5.68294525146
14394.0 5.6049823761
14393.0 5.56302070618
14374.0 5.69081306458
14366.0 5.5251121521
14328.0 5.54203987122
14322.0 5.58185577393
14322.0 13.2448673248
14318.0 5.69915771484
14293.0 5.5890083313
14286.0 5.53107261658
14286.0 2.21395492554
14286.0 2.22182273865
14286.0 2.23898887634
14248.0 5.64098358154
14241.0 5.59210777283
14241.0 2.30407714844
14241.0 2.27212905884
14241.0 2.67505645752
14241.0 2.5839805603
14233.0 5.90991973877
14233.0 2.23994255066
14231.0 5.62405586243
14231.0 2.18987464905
14231.0 2.32720375061
14228.0 5.77402114868
14224.0 5.58400154114
14224.0 2.25400924683
14224.0 2.46286392212
14162.0 6.52813911438
14159.0 5.88512420654
14159.0 2.28095054626
14149.0 5.75709342957
14113.0 5.58590888977
14113.0 2.27880477905
14097.0 5.55300712585
14091.0 5.53894042969
14091.0 2.21800804138
14091.0 2.46691703796
14090.0 5.98502159119
14090.0 2.26092338562
14060.0 5.71894645691
14059.0 5.61881065369
14050.0 5.6300163269
14050.0 2.26902961731
14050.0 2.23779678345
14048.0 16.9160366058
14048.0 2.28595733643
14048.0 2.286195755
14048.0 2.31409072876
14047.0 5.62191009521
14047.0 2.29501724243
14047.0 2.27403640747
14047.0 2.27499008179
14047.0 2.26187705994
14042.0 5.73587417603
14042.0 2.33101844788
14015.0 5.60402870178
14015.0 2.30288505554
13992.0 5.55515289307
13975.0 5.57112693787
13975.0 2.27212905884
13965.0 5.61285018921
13965.0 2.28500366211
13965.0 2.30097770691
13938.0 5.64503669739
13938.0 2.30193138123
13912.0 5.64885139465
13908.0 5.51700592041
13908.0 2.23088264465
13908.0 2.31599807739
13874.0 5.62214851379
13866.0 5.62715530396
13862.0 5.53703308105
13817.0 5.56111335754
13817.0 2.1870136261
13797.0 5.65385818481
13797.0 2.27093696594
13788.0 5.56683540344
13781.0 16.8440341949
13781.0 2.2759437561
13781.0 2.3410320282
13773.0 5.69415092468
13773.0 2.27904319763
13773.0 2.23779678345
13708.0 5.68509101868
13708.0 2.27308273315
13679.0 5.66601753235
13673.0 5.66792488098
13673.0 2.19392776489
13673.0 2.20012664795
13673.0 2.95090675354
13670.0 5.68795204163
13670.0 2.20704078674
13670.0 2.2759437561
13670.0 2.20513343811
13670.0 2.18391418457
13670.0 2.24995613098
13670.0 2.15983390808
13614.0 5.56802749634
13614.0 2.27189064026
13614.0 2.24494934082
13614.0 2.20704078674
13559.0 5.60593605042
13559.0 2.26306915283
13559.0 2.21705436707
13556.0 5.65409660339
13555.0 5.53798675537
13543.0 5.46383857727
13535.0 5.66697120667
13535.0 2.6159286499
13535.0 2.24900245667
13535.0 13.6609077454
13535.0 2.23708152771
13535.0 0.000953674316406
13524.0 5.73301315308
13513.0 5.59902191162
13513.0 2.24614143372
13513.0 2.21109390259
13513.0 2.26902961731
13513.0 2.23302841187
13513.0 2.17008590698
13491.0 5.68199157715
13491.0 2.23398208618
13491.0 2.21490859985
13491.0 2.26402282715
13491.0 2.18296051025
13481.0 5.54084777832
13481.0 2.33697891235
13474.0 5.56087493896
13473.0 5.54299354553
13441.0 5.62906265259
13441.0 2.286195755
13441.0 2.19202041626
13441.0 2.28691101074
13438.0 5.53894042969
13438.0 2.27904319763
13438.0 2.26902961731
13430.0 5.71799278259
13412.0 5.59091567993
13402.0 5.76496124268
13384.0 5.6209564209
13384.0 2.22587585449
13384.0 2.29287147522
13384.0 2.18319892883
13384.0 2.19106674194
13379.0 5.68413734436
13379.0 13.3860111237
13379.0 2.23422050476
13379.0 2.20799446106
13379.0 2.20704078674
13379.0 2.18605995178
13379.0 2.19917297363
13375.0 5.75089454651
13375.0 2.23684310913
13366.0 5.51581382751
13366.0 2.19202041626
13359.0 5.55896759033
13282.0 5.51700592041
13282.0 2.23398208618
13281.0 5.51700592041
13281.0 2.20894813538
13281.0 2.18486785889
13281.0 2.25305557251
13281.0 2.19702720642
13273.0 5.53512573242
13260.0 5.59401512146
13256.0 5.46789169312
13256.0 2.2599697113
13256.0 2.22301483154
13239.0 5.52105903625
13239.0 2.22301483154
13224.0 5.53894042969
13221.0 5.5570602417
13187.0 5.63502311707
13187.0 2.23302841187
13187.0 2.17700004578
13187.0 2.21300125122
13187.0 2.21514701843
13187.0 2.23994255066
13184.0 5.58996200562
13184.0 2.23088264465
13184.0 2.24804878235
13183.0 5.53894042969
13183.0 2.26306915283
13167.0 5.56802749634
13148.0 16.8378353119
13142.0 5.55610656738
13106.0 5.58304786682
13106.0 2.28404998779
13097.0 5.52701950073
13097.0 2.23278999329
13080.0 5.64217567444
13080.0 2.24113464355
13080.0 2.201795578
13080.0 2.23803520203
13080.0 2.19798088074
13080.0 2.17604637146
13080.0 2.29811668396
13041.0 5.61714172363
13041.0 2.1800994873
13041.0 2.2599697113
13041.0 2.16889381409
13041.0 2.17199325562
13041.0 2.22301483154
13041.0 2.32696533203
13041.0 2.19106674194
13026.0 5.60593605042
13024.0 5.53107261658
13006.0 5.61499595642
13006.0 2.31790542603
12949.0 5.65409660339
12929.0 6.88600540161
12893.0 5.77998161316
12873.0 5.54203987122
12871.0 5.59592247009
12871.0 2.31099128723
12871.0 2.17604637146
12871.0 2.16698646545
12854.0 17.1141624451
12854.0 2.20799446106
12843.0 5.55610656738
12829.0 5.67889213562
12826.0 5.57017326355
12826.0 2.22301483154
12826.0 2.29215621948
12826.0 2.20608711243
12826.0 2.37107276917
12826.0 2.66885757446
12826.0 2.27499008179
12826.0 2.20513343811
12821.0 5.6848526001
12821.0 2.26497650146
12821.0 2.19202041626
12821.0 2.28810310364
12791.0 5.57398796082
12773.0 5.68985939026
12773.0 2.2931098938
12773.0 2.20012664795
12773.0 2.28309631348
12753.0 5.71703910828
12753.0 2.22396850586
12751.0 5.58710098267
12751.0 2.29001045227
12751.0 2.19798088074
12739.0 5.64098358154
12731.0 5.66911697388
12731.0 2.20084190369
12731.0 2.20799446106
12725.0 5.65409660339
12725.0 2.21395492554
12725.0 2.19917297363
12725.0 13.5309696198
12692.0 5.71298599243
12692.0 2.26211547852
12692.0 2.27689743042
12672.0 5.54490089417
12672.0 2.18820571899
12672.0 2.34889984131
12669.0 5.57518005371
12669.0 2.19202041626
12667.0 5.65385818481
12647.0 5.57088851929
12647.0 2.20203399658
12638.0 5.63383102417
12638.0 2.2349357605
12638.0 2.14505195618
12598.0 5.67817687988
12594.0 5.50699234009
12594.0 2.26402282715
12594.0 2.34198570251
12594.0 2.23588943481
12588.0 5.55181503296
12588.0 2.29907035828
12588.0 2.23803520203
12588.0 2.24900245667
12563.0 5.65505027771
12525.0 5.57708740234
12525.0 2.22301483154
12478.0 5.66601753235
12469.0 5.51819801331
12469.0 2.19798088074
12454.0 5.60712814331
12454.0 2.23112106323
12454.0 2.1870136261
12454.0 2.34389305115
12454.0 13.3941173553
12454.0 2.20704078674
12445.0 5.75399398804
12425.0 5.62310218811
12425.0 2.25210189819
12425.0 2.30813026428
12425.0 2.26497650146
12425.0 2.23803520203
12410.0 5.58304786682
12399.0 5.68199157715
12399.0 2.19511985779
12386.0 5.60903549194
12386.0 2.27403640747
12386.0 2.20203399658
12386.0 2.21800804138
12382.0 5.67197799683
12377.0 5.57899475098
12377.0 2.21800804138
12377.0 2.25019454956
12348.0 5.6369304657
12348.0 2.23588943481
12333.0 5.56206703186
12333.0 2.3181438446
12333.0 2.23398208618
12329.0 5.62787055969
12329.0 2.29501724243
12317.0 5.63502311707
12311.0 5.63311576843
12311.0 2.23708152771
12301.0 5.66291809082
12301.0 2.2280216217
12288.0 5.54704666138
12288.0 2.28404998779
12261.0 5.58114051819
12254.0 5.70893287659
12254.0 2.24494934082
12248.0 5.67388534546
12248.0 2.22301483154
12248.0 2.28095054626
12248.0 13.5009288788
12248.0 2.32791900635
12248.0 2.20203399658
12188.0 5.83481788635
12188.0 2.29120254517
12188.0 2.2120475769
12171.0 5.67698478699
12171.0 2.31218338013
12171.0 2.27093696594
12171.0 2.32291221619
12135.0 5.84697723389
12135.0 2.33888626099
12135.0 2.30002403259
12130.0 5.69200515747
12130.0 2.32219696045
12130.0 2.2931098938
12130.0 2.23302841187
12130.0 2.27999687195
12130.0 2.32100486755
12130.0 2.22110748291
12130.0 2.2029876709
12130.0 3.1042098999
12130.0 2.29597091675
12130.0 2.2189617157
12129.0 5.86700439453
12129.0 2.25615501404
12127.0 5.64980506897
12127.0 2.32481956482
12124.0 5.59711456299
12099.0 5.6459903717
12099.0 2.33316421509
12099.0 2.21800804138
12099.0 2.3090839386
12099.0 13.564825058
12099.0 2.27522850037
12085.0 5.83100318909
12085.0 2.35986709595
12085.0 2.20417976379
12085.0 2.27212905884
12073.0 5.74588775635
12073.0 2.24089622498
12073.0 2.20894813538
12073.0 2.31194496155
12061.0 5.75304031372
12043.0 5.71799278259
12043.0 2.40898132324
12043.0 2.22301483154
12043.0 2.23398208618
12043.0 2.32791900635
12043.0 2.25496292114
12043.0 2.33507156372
12032.0 5.79285621643
12032.0 2.28905677795
12032.0 2.20704078674
12028.0 5.76496124268
12028.0 2.25687026978
12028.0 2.32100486755
12028.0 2.32410430908
12028.0 2.26616859436
12028.0 2.3250579834
12028.0 2.34794616699
11991.0 5.72395324707
11979.0 5.60688972473
11979.0 2.34794616699
11979.0 2.26497650146
11979.0 2.18391418457
11979.0 13.8711929321
11979.0 2.30598449707
11979.0 2.24590301514
11979.0 2.37607955933
11979.0 2.27093696594
11979.0 2.22492218018
11979.0 2.30693817139
11979.0 2.29001045227
11979.0 2.23278999329
11979.0 2.40707397461
11979.0 2.26306915283
11968.0 5.73587417603
11968.0 2.4209022522
11968.0 2.45690345764
11968.0 3.29399108887
11959.0 6.16884231567
11959.0 2.23112106323
11959.0 2.21800804138
11954.0 5.9130191803
11954.0 2.31409072876
11954.0 2.24900245667
11924.0 5.79786300659
11924.0 2.32410430908
11924.0 2.26807594299
11924.0 2.32887268066
11907.0 5.62286376953
11907.0 2.33507156372
11907.0 2.277135849
11907.0 2.16484069824
11899.0 5.5890083313
11890.0 5.66482543945
11878.0 5.76996803284
11878.0 2.25186347961
11878.0 2.35605239868
11878.0 13.5090351105
11878.0 2.29001045227
11864.0 5.90395927429
11862.0 5.73301315308
11862.0 2.33912467957
11862.0 2.2509098053
11862.0 2.16913223267
11862.0 2.20894813538
11831.0 5.70583343506
11829.0 5.68008422852
11824.0 5.55300712585
11824.0 2.29716300964
11824.0 2.26593017578
11824.0 2.31599807739
11820.0 5.71298599243
11812.0 5.72299957275
11806.0 5.53011894226
11806.0 2.24709510803
11806.0 2.2280216217
11783.0 5.62381744385
11783.0 2.35199928284
11783.0 2.33101844788
11783.0 2.2280216217
11783.0 2.22706794739
11783.0 2.29382514954
11783.0 2.24709510803
11765.0 5.82098960876
11765.0 2.3181438446
11760.0 5.59091567993
11760.0 2.19297409058
11760.0 2.24900245667
11760.0 2.26712226868
11740.0 5.71084022522
11726.0 5.63311576843
11726.0 2.26807594299
11726.0 2.2599697113
11690.0 5.6939125061
11690.0 2.30693817139
11667.0 5.66291809082
11667.0 13.640165329
11667.0 2.25496292114
11667.0 2.25400924683
11667.0 2.27117538452
11667.0 2.26807594299
11667.0 2.26902961731
11667.0 2.32982635498
11651.0 5.78498840332
11651.0 2.24304199219
11644.0 5.78117370605
11644.0 2.32005119324
11644.0 2.2931098938
11631.0 5.71203231812
11631.0 2.31885910034
11617.0 5.64098358154
11600.0 5.62405586243
11591.0 5.58018684387
11591.0 2.2349357605
11577.0 5.70297241211
11576.0 5.51915168762
11534.0 5.60593605042
11534.0 2.31194496155
11534.0 2.22492218018
11515.0 5.73587417603
11515.0 2.2988319397
11515.0 2.3238658905
11515.0 2.3181438446
11515.0 2.33697891235
11512.0 5.67603111267
11512.0 2.2668838501
11512.0 2.30598449707
11512.0 2.28810310364
11512.0 2.26306915283
11512.0 13.7851238251
11502.0 5.86891174316
11502.0 2.2599697113
11502.0 2.2988319397
11491.0 5.74398040771
11491.0 2.26807594299
11491.0 2.34198570251
11491.0 2.31194496155
11458.0 5.64002990723
11458.0 2.31599807739
11457.0 5.63788414001
11443.0 5.50389289856
11443.0 2.36392021179
11423.0 5.75017929077
11423.0 2.23898887634
11423.0 2.23898887634
11423.0 2.24304199219
11415.0 5.59687614441
11415.0 2.2668838501
11415.0 2.2599697113
11412.0 5.70297241211
11412.0 2.39610671997
11412.0 2.25281715393
11406.0 5.70392608643
11376.0 5.72991371155
11376.0 2.22992897034
11376.0 2.21014022827
11376.0 2.31289863586
11376.0 2.16817855835
11376.0 2.2439956665
11376.0 2.42209434509
11376.0 2.28691101074
11362.0 5.66983222961
11362.0 13.8049125671
11362.0 2.26187705994
11345.0 5.86700439453
11338.0 5.81812858582
11338.0 2.26497650146
11325.0 5.58590888977
11325.0 2.36201286316
11319.0 5.56707382202
11319.0 2.24089622498
11319.0 2.28095054626
11298.0 5.58805465698
11298.0 2.15697288513
11298.0 2.39706039429
11285.0 5.60998916626
11285.0 2.25210189819
11285.0 2.26998329163
11285.0 2.2189617157
11285.0 2.25305557251
11283.0 5.60903549194
11281.0 5.74088096619
11273.0 5.56898117065
11239.0 5.74898719788
11239.0 2.19511985779
11239.0 2.1960735321
11229.0 5.6688785553
11229.0 2.20394134521
11229.0 2.15792655945
11229.0 2.31504440308
11229.0 2.19202041626
11229.0 2.22301483154
11154.0 5.75494766235
11103.0 5.6209564209
11103.0 2.17390060425
11085.0 5.69796562195
11082.0 17.0958042145
11082.0 2.2451877594
11082.0 2.16698646545
11082.0 2.2439956665
11072.0 5.58686256409
11064.0 5.64908981323
11047.0 5.56802749634
11047.0 2.27308273315
11047.0 2.20608711243
11046.0 5.56707382202
11045.0 5.60402870178
11004.0 5.55610656738
11004.0 2.23684310913
11004.0 2.17318534851
10990.0 5.50985336304
10990.0 2.23398208618
10990.0 2.21991539001
10990.0 2.19702720642
10990.0 2.18796730042
10981.0 5.61094284058
10957.0 5.59091567993
10955.0 5.54895401001
10951.0 5.5980682373
10951.0 2.30312347412
10951.0 2.28595733643
10934.0 5.57518005371
10934.0 2.26616859436
10934.0 2.35605239868
10934.0 3.03483009338
10924.0 6.11209869385
10924.0 2.22897529602
10924.0 2.19511985779
10924.0 2.21180915833
10922.0 5.68914413452
10897.0 5.70201873779
10877.0 5.54895401001
10868.0 5.61690330505
10854.0 5.51795959473
10827.0 5.95188140869
10827.0 2.3729801178
10803.0 5.6049823761
10782.0 5.61189651489
10782.0 13.6530399323
10782.0 2.19702720642
10782.0 2.15888023376
10782.0 2.29501724243
10782.0 2.20394134521
10782.0 2.19893455505
10782.0 2.27808952332
10782.0 2.19893455505
10782.0 2.24900245667
10764.0 5.77187538147
10753.0 5.63812255859
10753.0 2.23994255066
10753.0 2.2599697113
