2017.0 6.48379325867
2017.0 0.515937805176
1967.0 0.811100006104
1933.0 0.751972198486
1924.0 0.772953033447
1913.0 0.768184661865
1909.0 0.740051269531
1894.0 0.744819641113
1894.0 0.32901763916
1891.0 0.78821182251
1882.0 0.735998153687
1868.0 0.715970993042
1868.0 0.326871871948
1847.0 0.724077224731
1842.0 0.702857971191
1804.0 0.831842422485
1804.0 0.346899032593
1804.0 0.339984893799
1797.0 0.979900360107
1785.0 0.761985778809
1785.0 0.340938568115
1785.0 0.31590461731
1779.0 0.842094421387
1769.0 0.757217407227
1739.0 0.70595741272
1709.0 0.726938247681
1709.0 0.334978103638
1696.0 0.766038894653
1668.0 0.720977783203
1668.0 0.32114982605
1660.0 0.723123550415
1660.0 0.313997268677
1658.0 0.764846801758
1658.0 0.329971313477
1636.0 0.766038894653
1636.0 0.332832336426
1636.0 0.306844711304
1591.0 0.703811645508
1568.0 0.714063644409
1546.0 0.756025314331
1531.0 0.818014144897
1522.0 1.22499465942
1522.0 0.415086746216
1522.0 0.358104705811
1512.0 0.850200653076
1512.0 0.370025634766
1495.0 0.837087631226
1490.0 0.756978988647
1490.0 0.337839126587
1422.0 0.951051712036
1422.0 0.379085540771
1409.0 0.897884368896
1409.0 0.338077545166
1399.0 0.737905502319
1399.0 0.31304359436
1399.0 0.330924987793
1384.0 0.720024108887
1378.0 0.716924667358
1364.0 0.725984573364
1358.0 0.733137130737
1357.0 0.788927078247
1357.0 0.324010848999
1357.0 0.329971313477
1332.0 0.701189041138
1332.0 0.355958938599
1332.0 0.304937362671
1332.0 0.310182571411
1332.0 0.447034835815
1311.0 1.06501579285
1311.0 0.414848327637
1311.0 0.319004058838
1311.0 0.324010848999
1311.0 0.339031219482
1311.0 0.334978103638
1311.0 0.351190567017
1311.0 0.393152236938
1297.0 0.771999359131
1292.0 0.73504447937
1284.0 0.758171081543
1284.0 0.334024429321
1284.0 0.302791595459
1284.0 0.331163406372
1284.0 0.514030456543
1284.0 0.421047210693
1284.0 0.332832336426
1284.0 0.0109672546387
1284.0 0.308036804199
1281.0 0.756978988647
1281.0 0.326156616211
1273.0 0.79083442688
1273.0 0.316143035889
1241.0 0.743865966797
1241.0 0.31590461731
1241.0 0.325202941895
1241.0 0.294923782349
1241.0 0.308990478516
1241.0 0.322103500366
1241.0 0.348091125488
1241.0 0.316858291626
1236.0 0.76699256897
1236.0 0.331878662109
1236.0 0.365972518921
1236.0 0.588178634644
1236.0 0.481843948364
1236.0 0.342845916748
1236.0 0.39005279541
1228.0 0.859022140503
1228.0 0.36096572876
1217.0 0.756025314331
1217.0 0.350952148438
1217.0 0.346899032593
1217.0 0.334978103638
1217.0 0.341892242432
1217.0 0.43797492981
1216.0 0.831127166748
1216.0 0.311136245728
1216.0 0.318050384521
1216.0 0.327110290527
1216.0 0.365018844604
1216.0 0.423192977905
1216.0 0.302076339722
1216.0 0.325202941895
1216.0 0.370979309082
1195.0 0.782012939453
1195.0 0.378131866455
1195.0 0.303030014038
1194.0 0.741004943848
1194.0 0.330924987793
1187.0 0.752925872803
1185.0 0.76699256897
1172.0 0.776052474976
1167.0 0.717878341675
1167.0 0.31590461731
1167.0 0.298976898193
1167.0 0.320196151733
1167.0 0.375986099243
1167.0 0.312089920044
1167.0 0.302076339722
1167.0 0.401973724365
1160.0 0.910997390747
1160.0 0.326156616211
1160.0 0.311851501465
1160.0 0.308036804199
1160.0 0.324010848999
1160.0 0.325918197632
1160.0 0.319957733154
1160.0 0.327110290527
1160.0 0.307083129883
1159.0 0.697135925293
1158.0 0.710010528564
1136.0 0.0109672546387
1136.0 0.308036804199
1136.0 0.312089920044
1136.0 0.319004058838
1136.0 0.304937362671
1121.0 0.767946243286
1121.0 0.349998474121
1115.0 0.751972198486
1115.0 0.370979309082
1106.0 0.895023345947
1106.0 0.360012054443
1106.0 0.360012054443
1100.0 0.865936279297
1100.0 0.307083129883
1100.0 0.299215316772
1100.0 0.360012054443
1098.0 0.760078430176
1098.0 0.319004058838
1098.0 0.32901763916
1084.0 0.752925872803
1070.0 0.694036483765
1070.0 0.303983688354
1067.0 0.0100135803223
1064.0 0.685930252075
1064.0 0.295877456665
1064.0 0.315189361572
1064.0 0.283002853394
1064.0 0.301122665405
1064.0 0.295877456665
1064.0 0.00786781311035
1064.0 0.343084335327
1055.0 0.691890716553
1055.0 0.311851501465
1055.0 0.295877456665
1052.0 0.673055648804
1052.0 0.301122665405
1052.0 0.296115875244
1052.0 0.314950942993
1052.0 0.283002853394
1044.0 0.738143920898
1044.0 0.293970108032
1041.0 0.00905990600586
1041.0 0.314950942993
1041.0 0.293016433716
1041.0 0.31590461731
1023.0 0.694036483765
1023.0 0.310897827148
1023.0 0.303983688354
1023.0 0.304937362671
1023.0 0.00810623168945
1012.0 0.734090805054
1012.0 0.277996063232
1000.0 0.689029693604
1000.0 0.293970108032
985.0 0.723123550415
985.0 0.308990478516
985.0 0.303983688354
985.0 0.298023223877
985.0 0.00810623168945
985.0 0.313997268677
985.0 0.29993057251
985.0 0.293970108032
985.0 0.308036804199
985.0 0.336885452271
985.0 0.290870666504
984.0 0.729084014893
984.0 0.308990478516
984.0 0.303983688354
984.0 0.278949737549
981.0 0.683069229126
981.0 0.326871871948
981.0 0.301837921143
981.0 0.324964523315
976.0 0.712156295776
976.0 0.319004058838
976.0 0.312805175781
976.0 0.317811965942
963.0 0.705003738403
963.0 0.315189361572
963.0 0.323057174683
963.0 0.293970108032
963.0 0.302076339722
953.0 0.703096389771
953.0 0.310897827148
953.0 0.328063964844
953.0 0.00905990600586
948.0 0.694036483765
948.0 0.338077545166
948.0 0.341176986694
948.0 0.325918197632
931.0 0.712871551514
931.0 0.31304359436
931.0 0.321865081787
931.0 0.326871871948
923.0 0.709056854248
923.0 0.298976898193
922.0 0.720024108887
919.0 0.732183456421
907.0 0.725030899048
907.0 0.291109085083
907.0 0.00882148742676
907.0 0.296831130981
907.0 0.285863876343
907.0 0.283002853394
905.0 0.710964202881
905.0 0.330924987793
898.0 0.707864761353
898.0 0.29993057251
898.0 0.291109085083
892.0 0.694990158081
892.0 0.327110290527
892.0 0.28395652771
892.0 0.282049179077
892.0 0.00905990600586
873.0 0.694990158081
873.0 0.300884246826
872.0 0.686883926392
866.0 1.21593475342
866.0 0.627994537354
866.0 0.501871109009
866.0 0.385999679565
866.0 0.320911407471
861.0 1.44505500793
861.0 0.422954559326
861.0 0.372886657715
861.0 0.391006469727
836.0 1.16205215454
836.0 0.539064407349
836.0 0.427007675171
836.0 0.401020050049
836.0 0.350952148438
836.0 0.330924987793
836.0 0.310897827148
836.0 0.333070755005
836.0 0.438928604126
828.0 0.874042510986
812.0 0.712871551514
812.0 0.320911407471
812.0 0.318050384521
812.0 0.301837921143
806.0 0.710010528564
806.0 0.345945358276
806.0 0.340223312378
799.0 0.710010528564
799.0 0.314950942993
799.0 0.327825546265
799.0 0.328063964844
793.0 0.725984573364
793.0 0.322103500366
793.0 0.462055206299
793.0 0.31590461731
793.0 0.0100135803223
787.0 0.717878341675
787.0 0.00882148742676
787.0 0.339984893799
787.0 0.495910644531
785.0 0.741004943848
785.0 0.29993057251
785.0 0.380039215088
785.0 0.416040420532
785.0 0.366926193237
785.0 0.319004058838
785.0 0.336885452271
774.0 0.752925872803
774.0 0.334978103638
771.0 1.08194351196
771.0 0.394105911255
753.0 0.842809677124
753.0 0.360012054443
753.0 0.355005264282
753.0 0.333070755005
753.0 0.311136245728
744.0 0.799179077148
744.0 0.356912612915
744.0 0.320911407471
744.0 0.317096710205
744.0 0.0109672546387
744.0 0.324964523315
744.0 0.327110290527
744.0 0.322818756104
744.0 0.324010848999
743.0 0.79607963562
743.0 0.319957733154
743.0 0.327825546265
743.0 0.416994094849
743.0 0.339031219482
743.0 0.361919403076
743.0 0.314950942993
743.0 0.338077545166
743.0 0.396966934204
743.0 0.547885894775
743.0 0.408887863159
743.0 0.346899032593
743.0 0.478982925415
743.0 0.421047210693
742.0 0.866174697876
739.0 0.751972198486
739.0 0.341892242432
739.0 0.0109672546387
739.0 0.31304359436
739.0 0.318050384521
739.0 0.454187393188
739.0 0.47492980957
739.0 0.331878662109
732.0 0.834941864014
732.0 0.343084335327
732.0 0.353097915649
732.0 0.346899032593
732.0 0.307083129883
732.0 0.0109672546387
732.0 0.336885452271
732.0 0.334978103638
732.0 0.308990478516
725.0 0.792026519775
725.0 0.335931777954
725.0 0.31304359436
725.0 0.31590461731
719.0 0.726938247681
719.0 0.33712387085
719.0 0.329971313477
719.0 0.0350475311279
719.0 0.324964523315
719.0 0.331878662109
719.0 0.322818756104
719.0 0.318050384521
719.0 0.0100135803223
719.0 0.317096710205
719.0 0.353097915649
719.0 0.320911407471
719.0 0.320911407471
719.0 0.329971313477
719.0 0.325918197632
719.0 0.34499168396
719.0 0.305891036987
713.0 0.753879547119
706.0 0.75101852417
700.0 0.764131546021
700.0 0.336885452271
700.0 0.353097915649
700.0 0.380992889404
700.0 0.378131866455
694.0 0.775098800659
694.0 0.334978103638
694.0 0.329971313477
694.0 0.331878662109
694.0 0.313997268677
691.0 0.78296661377
691.0 0.365018844604
691.0 0.324010848999
691.0 0.322103500366
691.0 0.318050384521
691.0 0.340938568115
691.0 0.323057174683
690.0 0.757932662964
690.0 0.310897827148
690.0 0.300168991089
686.0 0.747919082642
686.0 0.304222106934
686.0 0.298023223877
686.0 0.29182434082
682.0 0.679969787598
679.0 0.675916671753
679.0 0.291109085083
679.0 0.318050384521
674.0 0.694990158081
674.0 0.284194946289
674.0 0.305891036987
674.0 0.285148620605
674.0 0.307083129883
674.0 0.305891036987
674.0 0.30779838562
674.0 0.303030014038
674.0 0.29182434082
663.0 0.972986221313
663.0 0.586032867432
663.0 0.592947006226
663.0 0.648975372314
663.0 0.472068786621
663.0 0.347852706909
663.0 0.348091125488
663.0 0.356912612915
663.0 0.312089920044
663.0 0.365972518921
663.0 0.34499168396
663.0 0.34499168396
663.0 0.335931777954
663.0 0.333070755005
663.0 0.345230102539
663.0 0.31590461731
663.0 0.375032424927
663.0 0.336885452271
663.0 0.357866287231
663.0 0.393867492676
663.0 0.322103500366
663.0 0.309944152832
663.0 0.305891036987
663.0 0.339984893799
663.0 0.319957733154
659.0 0.828981399536
659.0 0.339031219482
659.0 0.313997268677
659.0 0.43511390686
659.0 0.436067581177
657.0 0.825881958008
657.0 0.339984893799
657.0 0.0109672546387
657.0 0.367879867554
651.0 0.753879547119
651.0 0.381946563721
651.0 0.360012054443
650.0 0.779151916504
650.0 0.332832336426
650.0 0.352144241333
646.0 0.766038894653
646.0 0.32901763916
646.0 0.386953353882
639.0 1.38282775879
639.0 0.553131103516
634.0 1.32393836975
634.0 0.334978103638
634.0 0.321865081787
634.0 0.316858291626
634.0 0.416994094849
634.0 0.317811965942
634.0 0.321865081787
634.0 0.348091125488
634.0 0.339984893799
634.0 0.330924987793
634.0 0.345945358276
634.0 0.342130661011
631.0 0.837087631226
631.0 0.365018844604
631.0 0.328063964844
631.0 0.328063964844
631.0 0.34499168396
631.0 0.334978103638
631.0 0.334024429321
631.0 0.303983688354
631.0 0.320911407471
631.0 0.321865081787
631.0 0.318050384521
631.0 0.355005264282
631.0 0.313997268677
631.0 0.326871871948
631.0 0.347137451172
631.0 0.326156616211
631.0 0.313997268677
631.0 0.330924987793
631.0 0.326156616211
631.0 0.452995300293
631.0 0.311136245728
631.0 0.30779838562
631.0 0.329971313477
631.0 0.339984893799
631.0 0.313997268677
631.0 0.316143035889
628.0 0.755071640015
628.0 0.332832336426
628.0 0.0100135803223
628.0 0.307083129883
628.0 0.323057174683
625.0 0.764846801758
625.0 0.373840332031
625.0 0.338077545166
625.0 0.315189361572
625.0 0.320911407471
625.0 0.309944152832
625.0 0.320911407471
625.0 0.319004058838
625.0 0.32901763916
625.0 0.325202941895
625.0 0.325202941895
625.0 0.349998474121
625.0 0.324010848999
625.0 0.385046005249
625.0 0.438928604126
625.0 0.0178813934326
625.0 0.408887863159
625.0 0.369787216187
622.0 0.753879547119
622.0 0.32901763916
622.0 0.303030014038
622.0 0.0100135803223
622.0 0.317096710205
622.0 0.336170196533
622.0 0.320911407471
622.0 0.391006469727
620.0 1.34515762329
620.0 0.531911849976
620.0 0.503063201904
614.0 0.983953475952
614.0 0.365972518921
614.0 0.345945358276
608.0 0.797986984253
608.0 0.336885452271
608.0 0.310897827148
608.0 0.344038009644
608.0 0.334024429321
608.0 0.338077545166
600.0 0.813961029053
600.0 0.0100135803223
600.0 0.322103500366
600.0 0.328063964844
600.0 0.313997268677
600.0 0.334024429321
599.0 0.712156295776
599.0 0.33712387085
599.0 0.33712387085
575.0 0.716924667358
575.0 0.363826751709
575.0 0.370025634766
575.0 0.39005279541
575.0 0.367879867554
575.0 0.355005264282
575.0 0.309944152832
575.0 0.332832336426
575.0 0.339984893799
575.0 0.320196151733
575.0 0.301837921143
575.0 0.324010848999
575.0 0.308036804199
575.0 0.338077545166
575.0 0.326156616211
575.0 0.318050384521
575.0 0.311136245728
573.0 0.779867172241
573.0 0.336170196533
573.0 0.331163406372
570.0 0.74291229248
563.0 0.71907043457
562.0 0.737905502319
562.0 0.31590461731
562.0 0.341892242432
562.0 0.345945358276
562.0 0.330209732056
559.0 0.765085220337
559.0 0.336885452271
559.0 0.313997268677
559.0 0.313997268677
559.0 0.322103500366
559.0 0.308990478516
559.0 0.32901763916
559.0 0.359058380127
559.0 0.0100135803223
557.0 0.741958618164
551.0 0.739097595215
551.0 0.0100135803223
551.0 0.346183776855
551.0 0.40602684021
548.0 0.857830047607
548.0 0.481843948364
548.0 0.560998916626
548.0 0.593900680542
548.0 0.473022460938
548.0 0.581026077271
548.0 0.332117080688
548.0 0.319957733154
548.0 0.317811965942
548.0 0.352144241333
545.0 0.880002975464
543.0 0.787973403931
543.0 0.352144241333
543.0 0.355005264282
543.0 0.328063964844
543.0 0.320911407471
543.0 0.331163406372
543.0 0.417947769165
538.0 0.944852828979
538.0 0.305891036987
536.0 0.747203826904
536.0 0.336885452271
536.0 0.338077545166
536.0 0.335931777954
536.0 0.334978103638
536.0 0.333786010742
536.0 0.329971313477
524.0 0.748872756958
524.0 0.335931777954
524.0 0.339984893799
524.0 0.324010848999
524.0 0.317096710205
524.0 0.322818756104
524.0 0.323057174683
524.0 0.324964523315
524.0 0.304937362671
524.0 0.309944152832
524.0 0.34499168396
516.0 0.76699256897
516.0 0.311136245728
516.0 0.335931777954
516.0 0.31590461731
516.0 0.313997268677
516.0 0.324964523315
516.0 0.339984893799
516.0 0.338077545166
516.0 0.31590461731
510.0 0.86498260498
509.0 0.777006149292
509.0 0.332117080688
509.0 0.327110290527
509.0 0.337839126587
504.0 0.762939453125
504.0 0.317096710205
504.0 0.337839126587
504.0 0.302076339722
504.0 0.319004058838
504.0 0.0119209289551
504.0 0.335931777954
503.0 0.75888633728
503.0 0.319004058838
503.0 0.336170196533
501.0 0.737905502319
501.0 0.319004058838
501.0 0.540018081665
501.0 0.53596496582
501.0 0.601053237915
501.0 0.502109527588
501.0 0.53596496582
501.0 0.554084777832
501.0 0.427007675171
501.0 0.316858291626
501.0 0.320911407471
495.0 0.85711479187
495.0 0.329971313477
495.0 0.312089920044
495.0 0.391960144043
495.0 0.348806381226
495.0 0.334024429321
495.0 0.32114982605
490.0 0.791072845459
490.0 0.324010848999
490.0 0.309944152832
490.0 0.349044799805
490.0 0.304937362671
485.0 0.819206237793
485.0 0.406980514526
485.0 0.504970550537
485.0 0.312089920044
485.0 0.330924987793
482.0 0.784873962402
482.0 0.324964523315
482.0 0.349998474121
482.0 0.323057174683
482.0 0.355958938599
482.0 0.396966934204
480.0 0.751972198486
480.0 0.0240802764893
480.0 0.325918197632
480.0 0.33712387085
480.0 0.35285949707
480.0 0.365018844604
480.0 0.358104705811
480.0 0.350952148438
480.0 0.342845916748
480.0 0.357151031494
480.0 0.342845916748
480.0 0.338077545166
480.0 0.379800796509
480.0 0.341892242432
480.0 0.340938568115
480.0 0.333070755005
480.0 0.358104705811
480.0 0.350952148438
480.0 0.358104705811
480.0 0.348091125488
480.0 0.0100135803223
480.0 0.339984893799
480.0 0.37407875061
480.0 0.344038009644
480.0 0.368118286133
480.0 0.357866287231
478.0 0.768899917603
478.0 0.312805175781
478.0 0.32901763916
478.0 0.314950942993
478.0 0.322818756104
478.0 0.332832336426
478.0 0.319004058838
478.0 0.312089920044
478.0 0.347137451172
478.0 0.318050384521
473.0 1.12700462341
473.0 0.540971755981
473.0 0.531911849976
473.0 0.580072402954
473.0 0.485181808472
473.0 0.34499168396
473.0 0.356912612915
460.0 0.824928283691
460.0 0.363826751709
460.0 0.348091125488
460.0 0.333070755005
460.0 0.332832336426
460.0 0.32901763916
460.0 0.332832336426
460.0 0.0269412994385
460.0 0.357866287231
460.0 0.0100135803223
460.0 0.356912612915
460.0 0.335931777954
460.0 0.312805175781
460.0 0.345945358276
460.0 0.334978103638
460.0 0.0109672546387
460.0 0.0100135803223
460.0 0.305891036987
460.0 0.319957733154
460.0 0.313997268677
460.0 0.314950942993
460.0 0.328063964844
460.0 0.380992889404
460.0 0.365018844604
460.0 0.0100135803223
460.0 0.328063964844
460.0 0.344038009644
460.0 0.325202941895
460.0 0.308990478516
460.0 0.342845916748
460.0 0.30517578125
460.0 0.31590461731
460.0 0.30517578125
460.0 0.335931777954
460.0 0.354051589966
460.0 0.329971313477
460.0 0.322103500366
460.0 0.326871871948
460.0 0.30779838562
460.0 0.329971313477
460.0 0.350952148438
460.0 0.330924987793
460.0 0.328063964844
460.0 0.31590461731
460.0 0.324964523315
460.0 0.318050384521
460.0 0.318050384521
460.0 0.327110290527
460.0 0.338077545166
460.0 0.339031219482
460.0 0.320196151733
460.0 0.303030014038
460.0 0.488996505737
460.0 0.631093978882
460.0 0.572919845581
460.0 0.32901763916
460.0 0.0112056732178
460.0 0.31590461731
460.0 0.358819961548
459.0 0.811100006104
459.0 0.0250339508057
459.0 0.375032424927
459.0 0.31590461731
459.0 0.324964523315
458.0 0.767946243286
458.0 0.0100135803223
458.0 0.324964523315
458.0 0.319004058838
458.0 0.305891036987
458.0 0.360012054443
458.0 0.432014465332
458.0 0.543832778931
458.0 0.509023666382
458.0 0.541925430298
458.0 0.507116317749
458.0 0.341892242432
458.0 0.34499168396
457.0 0.833988189697
457.0 0.378131866455
457.0 0.341892242432
457.0 0.338077545166
457.0 0.0100135803223
457.0 0.372886657715
454.0 0.913143157959
454.0 0.335216522217
454.0 0.324964523315
454.0 0.337839126587
454.0 0.305891036987
454.0 0.333786010742
454.0 0.337839126587
454.0 0.324964523315
454.0 0.0100135803223
454.0 0.0100135803223
454.0 0.39005279541
454.0 0.329971313477
454.0 0.330924987793
454.0 0.330924987793
454.0 0.332832336426
454.0 0.323057174683
454.0 0.320911407471
454.0 0.32901763916
454.0 0.31590461731
447.0 0.920057296753
443.0 0.752210617065
443.0 0.391006469727
436.0 0.78010559082
436.0 0.336170196533
436.0 0.339031219482
436.0 0.306844711304
436.0 0.317096710205
436.0 0.369071960449
436.0 0.302076339722
436.0 0.32377243042
436.0 0.322103500366
436.0 0.304937362671
435.0 0.730991363525
435.0 0.329971313477
435.0 0.320911407471
435.0 0.308036804199
435.0 0.320911407471
435.0 0.344038009644
435.0 0.355958938599
435.0 0.322103500366
435.0 0.320196151733
435.0 0.325918197632
435.0 0.37693977356
435.0 0.404834747314
435.0 0.415086746216
435.0 0.411987304688
435.0 0.0112056732178
435.0 0.309944152832
435.0 0.349998474121
435.0 0.323057174683
435.0 0.324010848999
435.0 0.319004058838
435.0 0.328779220581
435.0 0.33712387085
431.0 0.762939453125
431.0 0.328063964844
431.0 0.32901763916
429.0 1.04522705078
427.0 1.35803222656
427.0 0.503063201904
427.0 0.353813171387
427.0 0.325918197632
427.0 0.32114982605
427.0 0.353097915649
427.0 0.447034835815
427.0 0.48303604126
427.0 0.339984893799
427.0 0.326156616211
427.0 0.346183776855
427.0 0.334978103638
427.0 0.349044799805
427.0 0.365018844604
427.0 0.00977516174316
427.0 0.365972518921
427.0 0.333786010742
427.0 0.320196151733
427.0 0.0100135803223
427.0 0.31590461731
427.0 0.319957733154
427.0 0.32114982605
427.0 0.325918197632
427.0 0.346899032593
427.0 0.309944152832
427.0 0.328779220581
427.0 0.325918197632
427.0 0.31304359436
427.0 0.323057174683
427.0 0.345945358276
427.0 0.326871871948
427.0 0.308990478516
427.0 0.320196151733
427.0 0.319004058838
427.0 0.0109672546387
427.0 0.539064407349
427.0 0.526905059814
427.0 0.35285949707
427.0 0.336885452271
427.0 0.329971313477
427.0 0.317096710205
427.0 0.327825546265
427.0 0.334978103638
427.0 0.322818756104
427.0 0.36096572876
427.0 0.360012054443
427.0 0.0100135803223
427.0 0.325202941895
427.0 0.351905822754
427.0 0.355005264282
427.0 0.33712387085
427.0 0.319957733154
427.0 0.357866287231
427.0 0.478029251099
427.0 0.386953353882
427.0 0.336885452271
427.0 0.0100135803223
427.0 0.341892242432
427.0 0.311136245728
427.0 0.332832336426
427.0 0.360012054443
427.0 0.326156616211
427.0 0.340938568115
427.0 0.306844711304
427.0 0.302076339722
423.0 0.738859176636
423.0 0.345945358276
423.0 0.0112056732178
423.0 0.354051589966
423.0 0.31304359436
423.0 0.347137451172
421.0 0.767946243286
421.0 0.335931777954
421.0 0.320196151733
421.0 0.508785247803
421.0 0.646114349365
421.0 0.609874725342
421.0 0.386953353882
421.0 0.331878662109
417.0 0.884056091309
417.0 0.0100135803223
417.0 0.374794006348
417.0 0.346899032593
417.0 0.319957733154
417.0 0.40602684021
417.0 0.41389465332
417.0 0.345945358276
417.0 0.324964523315
417.0 0.368118286133
417.0 0.331878662109
417.0 0.370979309082
417.0 0.324010848999
417.0 0.31590461731
417.0 0.309944152832
417.0 0.341892242432
417.0 0.34499168396
417.0 0.326156616211
417.0 0.310897827148
417.0 0.309944152832
417.0 0.320196151733
417.0 0.329971313477
417.0 0.328779220581
417.0 0.335931777954
410.0 0.749826431274
410.0 0.319004058838
405.0 0.726938247681
405.0 0.325918197632
405.0 0.318050384521
405.0 0.333070755005
405.0 0.298023223877
405.0 0.32114982605
405.0 0.338077545166
405.0 0.521898269653
405.0 0.553846359253
405.0 0.338077545166
405.0 0.347137451172
405.0 0.338077545166
405.0 0.344038009644
405.0 0.316143035889
405.0 0.301837921143
405.0 0.324010848999
405.0 0.327825546265
