37004.0 130.971193314
37000.0 14.4469738007
36988.0 13.6799812317
36988.0 22.3431587219
36981.0 12.6729011536
36957.0 12.7549171448
36925.0 12.9570960999
36852.0 12.6979351044
36852.0 5.10907173157
36852.0 5.15079498291
36823.0 12.6969814301
36789.0 12.7191543579
36789.0 5.17797470093
36766.0 12.7658843994
36762.0 12.7141475677
36753.0 12.669801712
36737.0 12.5739574432
36704.0 12.5970840454
36657.0 12.7148628235
36655.0 12.4900341034
36655.0 21.6438770294
36655.0 5.37586212158
36655.0 5.09405136108
36629.0 12.8991603851
36595.0 13.0050182343
36565.0 12.6981735229
36559.0 12.9909515381
36558.0 12.9170417786
36554.0 12.4640464783
36554.0 4.96602058411
36554.0 5.22089004517
36527.0 12.6149654388
36470.0 12.6450061798
36456.0 12.7620697021
36438.0 12.4359130859
36432.0 12.6919746399
36432.0 5.25808334351
36390.0 29.0291309357
36383.0 12.9899978638
36365.0 12.727022171
36316.0 12.7158164978
36283.0 12.5908851624
36267.0 12.5300884247
36241.0 12.6340389252
36241.0 5.11503219604
36241.0 4.94003295898
36241.0 4.92405891418
36186.0 12.8679275513
36185.0 12.7060413361
36185.0 4.99510765076
36185.0 4.97508049011
36183.0 12.659072876
36183.0 4.92095947266
36145.0 29.354095459
36088.0 12.7401351929
36088.0 0.000953674316406
36088.0 5.16796112061
36069.0 12.9001140594
36069.0 5.02800941467
36069.0 4.97817993164
36069.0 5.05113601685
36069.0 4.90593910217
36069.0 4.94599342346
36069.0 5.17201423645
36069.0 4.88495826721
36051.0 12.619972229
36051.0 5.36894798279
36051.0 4.94694709778
36040.0 12.9461288452
36040.0 6.50906562805
36016.0 13.3650302887
36016.0 21.6679573059
36002.0 13.0498409271
35997.0 12.6209259033
35970.0 12.5958919525
35970.0 5.26690483093
35948.0 12.5091075897
35948.0 5.09190559387
35948.0 5.17201423645
35948.0 4.92715835571
35861.0 12.7379894257
35861.0 5.17797470093
35844.0 12.4590396881
35842.0 12.5389099121
35842.0 5.18798828125
35800.0 12.5439167023
35780.0 12.7918720245
35780.0 22.3960876465
35780.0 5.0220489502
35752.0 12.7110481262
35731.0 12.9120349884
35731.0 4.95004653931
35731.0 5.25212287903
35721.0 12.9079818726
35721.0 5.41710853577
35721.0 5.18298149109
35721.0 5.43808937073
35717.0 12.7930641174
35717.0 5.00392913818
35648.0 12.7861499786
35614.0 12.5210285187
35597.0 12.5749111176
35594.0 12.727022171
35594.0 4.87685203552
35594.0 26.0281562805
35526.0 15.0880813599
35522.0 13.5309696198
35468.0 12.9380226135
35468.0 5.00202178955
35468.0 5.0311088562
35433.0 12.9261016846
35427.0 12.7501487732
35358.0 12.5119686127
35327.0 12.8779411316
35315.0 12.6469135284
35310.0 12.5410556793
35308.0 12.6311779022
35280.0 15.1698589325
35273.0 13.5161876678
35273.0 5.10287284851
35273.0 5.08284568787
35273.0 21.3139057159
35273.0 5.26905059814
35268.0 12.7029418945
35268.0 5.28192520142
35268.0 5.24711608887
35268.0 5.05495071411
35254.0 12.8059387207
35239.0 12.9339694977
35181.0 12.5339031219
35154.0 12.5699043274
35149.0 12.7580165863
35149.0 4.94313240051
35136.0 12.9909515381
35136.0 5.21802902222
35129.0 12.6340389252
35129.0 5.00392913818
35126.0 30.8201313019
35126.0 5.1600933075
35118.0 12.8939151764
35118.0 5.31601905823
35118.0 5.05614280701
35118.0 5.11312484741
35118.0 5.23805618286
35118.0 5.07593154907
35118.0 5.2330493927
35118.0 5.18989562988
35118.0 4.95481491089
35108.0 12.7971172333
35108.0 5.21087646484
35103.0 12.5739574432
35093.0 12.6068592072
35093.0 5.09810447693
35092.0 12.5939846039
35092.0 21.9089984894
35092.0 5.3391456604
35086.0 12.815952301
35074.0 12.806892395
35034.0 12.9549503326
35031.0 12.6559734344
35005.0 12.8610134125
34987.0 12.8970146179
34986.0 13.1251811981
34982.0 13.6640071869
34951.0 12.9160881042
34908.0 12.5288963318
34888.0 12.6688480377
34847.0 12.7708911896
34809.0 12.9799842834
34787.0 12.7849578857
34782.0 12.9520893097
34779.0 28.9077758789
34779.0 5.21993637085
34779.0 5.19299507141
34779.0 5.02610206604
34779.0 5.13601303101
34779.0 5.11479377747
34771.0 13.2501125336
34771.0 5.37610054016
34733.0 13.0128860474
34698.0 12.7608776093
34698.0 5.15604019165
34690.0 12.7389431
34690.0 5.13100624084
34673.0 13.1120681763
34668.0 12.7549171448
34668.0 4.92310523987
34668.0 22.2809314728
34655.0 12.7170085907
34641.0 12.8359794617
34641.0 5.28407096863
34641.0 4.99987602234
34640.0 12.6860141754
34638.0 12.805223465
34638.0 4.91881370544
34638.0 4.93884086609
34628.0 12.7499103546
34628.0 4.98104095459
34608.0 12.6099586487
34604.0 12.7408504486
34604.0 5.21802902222
34588.0 12.6459598541
34559.0 12.7530097961
34543.0 12.5451087952
34543.0 21.7797756195
34506.0 13.1280422211
34506.0 6.02388381958
34469.0 12.8769874573
34469.0 5.28192520142
34453.0 13.2970809937
34453.0 5.15484809875
34453.0 5.10406494141
34453.0 5.09595870972
34453.0 5.05208969116
34448.0 12.8929615021
34426.0 12.6001834869
34414.0 12.5360488892
34387.0 12.7780437469
34350.0 12.6168727875
34335.0 12.6211643219
34328.0 29.9580097198
34328.0 5.23090362549
34328.0 5.19490242004
34328.0 5.26094436646
34323.0 12.864112854
34303.0 12.8090381622
34303.0 5.23114204407
34303.0 4.93288040161
34269.0 12.8450393677
34269.0 5.46407699585
34269.0 5.01108169556
34269.0 5.04684448242
34253.0 12.8719806671
34227.0 12.6581192017
34227.0 5.10907173157
34197.0 12.7630233765
34197.0 4.97007369995
34115.0 29.8550128937
34115.0 5.13696670532
34115.0 5.14388084412
34115.0 5.16390800476
34064.0 12.7720832825
34058.0 13.0639076233
34050.0 12.8321647644
34010.0 12.6898288727
33983.0 12.6171112061
33983.0 5.18703460693
33950.0 12.5679969788
33914.0 12.6628875732
33884.0 12.6769542694
33884.0 4.93502616882
33884.0 4.91690635681
33878.0 12.6979351044
33878.0 5.01298904419
33878.0 21.7611789703
33861.0 13.0240917206
33852.0 12.9590034485
33829.0 12.7930641174
33818.0 13.2899284363
33810.0 12.9249095917
33786.0 12.6330852509
33726.0 12.748003006
33726.0 4.91404533386
33726.0 5.02300262451
33714.0 12.8819942474
33701.0 12.6578807831
33701.0 5.08809089661
33685.0 12.7851963043
33679.0 12.5131607056
33679.0 5.02705574036
33679.0 22.5520133972
33679.0 5.04803657532
33679.0 5.04398345947
33670.0 12.9680633545
33670.0 5.13696670532
33670.0 5.2490234375
33617.0 13.160943985
33588.0 14.3508911133
33588.0 5.1441192627
33585.0 12.9570960999
33585.0 5.01012802124
33578.0 12.7899646759
33578.0 5.21612167358
33568.0 12.6349925995
33568.0 4.9991607666
33568.0 5.26690483093
33552.0 12.9289627075
33545.0 29.4561386108
33545.0 5.31816482544
33545.0 5.02395629883
33539.0 13.060092926
33510.0 13.0960941315
33508.0 12.6450061798
33508.0 5.14507293701
33486.0 13.0228996277
33486.0 5.09285926819
33479.0 12.6969814301
33479.0 5.30600547791
33444.0 12.7201080322
33444.0 5.08809089661
33444.0 5.21087646484
33444.0 5.01012802124
33444.0 5.13100624084
33425.0 12.8540992737
33425.0 21.4221477509
33425.0 5.24997711182
33420.0 12.9511356354
33410.0 12.904882431
33410.0 5.20300865173
33410.0 5.00297546387
33390.0 12.7999782562
33390.0 5.24091720581
33344.0 12.8519535065
33344.0 5.1109790802
33324.0 12.7909183502
33324.0 5.12099266052
33283.0 12.7320289612
33273.0 12.7129554749
33207.0 12.6028060913
33207.0 4.92596626282
33207.0 22.2799777985
33207.0 4.9901008606
33202.0 12.7699375153
33202.0 5.25498390198
33147.0 12.6650333405
33147.0 5.0790309906
33093.0 12.8629207611
33083.0 12.6619338989
33083.0 5.126953125
33057.0 12.8300189972
33050.0 12.6078128815
33026.0 12.836933136
33010.0 12.8099918365
33010.0 5.00297546387
33010.0 5.20396232605
33010.0 5.18894195557
33010.0 5.03396987915
33010.0 21.8210220337
32938.0 12.9828453064
32938.0 5.04183769226
32928.0 12.6919746399
32887.0 12.9749774933
32887.0 5.08689880371
32887.0 5.06806373596
32868.0 12.895822525
32808.0 12.7091407776
32796.0 12.6190185547
32791.0 12.9189491272
32791.0 5.12003898621
32791.0 5.02991676331
32791.0 5.40995597839
32791.0 6.56199455261
32740.0 13.1819248199
32732.0 29.8759937286
32727.0 12.8400325775
32705.0 12.8128528595
32705.0 5.40089607239
32705.0 5.0220489502
32705.0 5.12719154358
32666.0 12.904882431
32666.0 0.000953674316406
32666.0 4.97102737427
32643.0 12.7940177917
32637.0 12.9668712616
32619.0 12.6149654388
32579.0 12.7370357513
32579.0 5.18012046814
32579.0 5.0151348114
32554.0 12.9988193512
32535.0 12.9718780518
32532.0 12.7120018005
32522.0 29.7701358795
32487.0 12.8469467163
32487.0 5.14698028564
32487.0 5.15389442444
32487.0 5.25188446045
32487.0 5.14602661133
32487.0 5.30600547791
32487.0 5.18703460693
32463.0 12.8219127655
32463.0 5.23281097412
32447.0 12.7921104431
32429.0 12.8509998322
32429.0 5.29408454895
32429.0 5.11384010315
32426.0 12.7599239349
32412.0 12.6960277557
32399.0 12.5548839569
32363.0 29.1368961334
32360.0 13.0131244659
32357.0 12.8061771393
32357.0 5.20300865173
32330.0 13.2780075073
32319.0 12.8259658813
32319.0 5.13100624084
32319.0 5.29408454895
32319.0 4.99296188354
32308.0 12.9728317261
32308.0 5.25808334351
32308.0 4.93812561035
32308.0 5.01894950867
32308.0 5.18107414246
32308.0 5.02991676331
32308.0 5.07187843323
32308.0 22.6049423218
32308.0 5.17392158508
32308.0 5.14483451843
32250.0 12.9790306091
32239.0 12.9280090332
32220.0 12.9170417786
32220.0 5.34296035767
32200.0 12.8049850464
32188.0 12.9218101501
32188.0 5.41591644287
32179.0 12.6740932465
32129.0 12.6819610596
32129.0 5.15007972717
32116.0 12.5911235809
32099.0 12.6969814301
32099.0 5.25689125061
32099.0 4.98199462891
32099.0 22.1109390259
32081.0 14.0681266785
32068.0 13.0898952484
32058.0 12.9821300507
32058.0 5.29289245605
32058.0 5.1691532135
32058.0 5.28311729431
32058.0 5.43212890625
32011.0 12.7770900726
32011.0 5.22994995117
32011.0 5.21397590637
32011.0 5.11002540588
31929.0 12.8619670868
31929.0 5.48195838928
31929.0 4.99105453491
31929.0 5.15294075012
31921.0 13.0391120911
31905.0 29.2229652405
31905.0 5.33294677734
31905.0 5.20920753479
31899.0 12.9511356354
31870.0 12.9368305206
31870.0 5.11002540588
31831.0 12.7680301666
31784.0 12.8860473633
31784.0 5.14101982117
31738.0 12.7699375153
31690.0 12.7458572388
31671.0 13.9489173889
31614.0 12.631893158
31614.0 5.09691238403
31614.0 4.96006011963
31614.0 5.12599945068
31596.0 29.8039913177
31595.0 12.8269195557
31595.0 5.20300865173
31595.0 5.16104698181
31579.0 12.7058029175
31564.0 12.7768516541
31563.0 12.9408836365
31490.0 12.7449035645
31490.0 5.08809089661
31490.0 5.40399551392
31473.0 12.7639770508
31473.0 5.11288642883
31473.0 5.10191917419
31461.0 12.6919746399
31430.0 12.8140449524
31411.0 13.7469768524
31411.0 5.32698631287
31411.0 21.8739509583
31409.0 12.9399299622
31395.0 12.9930973053
31385.0 13.5629177094
31385.0 5.51509857178
31385.0 5.04589080811
31385.0 5.16295433044
31378.0 13.0960941315
31378.0 5.07402420044
31378.0 5.09905815125
31372.0 12.9709243774
31372.0 5.19704818726
31372.0 5.41186332703
31372.0 5.39684295654
31343.0 12.8400325775
31343.0 5.20706176758
31343.0 22.2511291504
31343.0 5.11193275452
31331.0 13.0050182343
31323.0 13.1099224091
31323.0 5.03396987915
31323.0 5.56492805481
31314.0 13.2281780243
31314.0 4.95886802673
31275.0 12.8469467163
31275.0 5.24592399597
31238.0 14.4698619843
31238.0 5.25498390198
31238.0 5.2170753479
31238.0 5.11693954468
31236.0 13.2360458374
31236.0 5.37109375
31236.0 5.01489639282
31183.0 29.6838283539
31183.0 5.17797470093
31183.0 5.04207611084
31178.0 12.9101276398
31178.0 5.05709648132
31147.0 12.7499103546
31147.0 5.25498390198
31147.0 5.07497787476
31142.0 12.6760005951
31121.0 12.925863266
31121.0 5.09214401245
31121.0 4.89592552185
31088.0 12.8090381622
31087.0 12.647151947
31087.0 4.99892234802
31081.0 12.6872062683
31080.0 12.5470161438
31071.0 29.4330120087
31029.0 13.0228996277
30982.0 12.7391815186
30982.0 5.06210327148
30982.0 5.21016120911
30978.0 12.7060413361
30978.0 4.97603416443
30971.0 13.0181312561
30971.0 5.03087043762
30971.0 5.07211685181
30971.0 5.12313842773
30971.0 4.98294830322
30971.0 4.96411323547
30971.0 5.28907775879
30937.0 12.7029418945
30932.0 12.6960277557
30922.0 30.1198959351
30922.0 5.14316558838
30915.0 12.7239227295
30908.0 13.1230354309
30877.0 12.6640796661
30877.0 4.95910644531
30877.0 5.24687767029
30877.0 4.96315956116
30877.0 5.23900985718
30877.0 5.28788566589
30863.0 12.8262042999
30855.0 12.6938819885
30844.0 13.5221481323
30841.0 12.6390457153
30841.0 5.04589080811
30841.0 5.17106056213
30833.0 12.8378868103
30816.0 29.748916626
30815.0 13.1208896637
30773.0 12.7859115601
30773.0 5.15508651733
30773.0 5.22518157959
30773.0 4.98294830322
30773.0 5.08594512939
30747.0 12.9959583282
30732.0 12.6609802246
30732.0 5.02991676331
30729.0 12.8109455109
30725.0 12.5200748444
30722.0 12.5930309296
30680.0 12.9499435425
30680.0 5.01418113708
30662.0 13.1220817566
30652.0 14.2321586609
30652.0 21.656036377
30645.0 12.9129886627
30603.0 12.8090381622
30593.0 12.8040313721
30593.0 5.15413284302
30593.0 5.01298904419
30577.0 12.6738548279
30577.0 5.15985488892
30577.0 4.98294830322
30577.0 4.92882728577
30577.0 5.13386726379
30577.0 4.99200820923
30577.0 4.9409866333
30577.0 5.12909889221
30577.0 4.94480133057
30577.0 4.97102737427
30577.0 22.5749015808
30577.0 5.20014762878
30577.0 5.12313842773
30573.0 12.9818916321
30558.0 12.8700733185
30558.0 5.19108772278
30540.0 13.0019187927
30532.0 12.7689838409
30529.0 12.7940177917
30522.0 12.9330158234
30510.0 12.5880241394
30510.0 4.99796867371
30510.0 5.13410568237
30510.0 4.85897064209
30510.0 4.97603416443
30510.0 5.08213043213
30497.0 12.6209259033
30431.0 29.8249721527
30429.0 12.9239559174
30429.0 4.97508049011
30407.0 12.6781463623
30407.0 5.1691532135
30396.0 12.4530792236
30396.0 4.9729347229
30396.0 5.02109527588
30396.0 5.05805015564
30396.0 5.2170753479
30396.0 5.25212287903
30396.0 5.0311088562
30396.0 5.04612922668
30385.0 13.1778717041
30341.0 12.6719474792
30341.0 4.9421787262
30341.0 22.6418972015
30341.0 5.01990318298
30315.0 12.7100944519
30315.0 5.2797794342
30315.0 5.00583648682
30293.0 12.8738880157
30293.0 5.31101226807
30277.0 12.6581192017
30268.0 12.6349925995
30268.0 5.12385368347
30268.0 4.87017631531
30249.0 12.6760005951
30249.0 5.18894195557
30249.0 4.93407249451
30249.0 5.04207611084
30249.0 5.35321235657
30249.0 5.16581535339
30242.0 29.727935791
30234.0 12.9430294037
30234.0 5.16700744629
30234.0 5.22685050964
30228.0 12.7699375153
30224.0 12.8409862518
30224.0 5.07712364197
30213.0 12.4869346619
30208.0 12.5548839569
30199.0 12.6440525055
30199.0 4.96697425842
30199.0 6.4709186554
30199.0 5.3539276123
30133.0 12.9570960999
30127.0 13.3221149445
30127.0 5.14388084412
30127.0 4.93621826172
30127.0 22.2129821777
30127.0 5.42187690735
30127.0 5.18608093262
30127.0 5.27596473694
30114.0 13.0450725555
30092.0 12.8970146179
30084.0 12.6509666443
30076.0 12.7880573273
30060.0 12.6218795776
30060.0 5.01012802124
30044.0 13.0610466003
30044.0 4.97198104858
30044.0 5.0950050354
30018.0 12.8710269928
29970.0 12.5269889832
29970.0 5.02991676331
29959.0 30.6069850922
29942.0 12.8889083862
29913.0 12.895822525
29913.0 5.3379535675
29913.0 5.03206253052
29913.0 5.13100624084
29896.0 13.1251811981
29870.0 15.289068222
29850.0 14.9049758911
29841.0 13.1020545959
29815.0 12.7561092377
29810.0 12.7699375153
29752.0 12.9978656769
29734.0 12.7780437469
29709.0 12.6559734344
29709.0 5.23805618286
29709.0 5.038022995
29697.0 30.0290584564
29697.0 5.34987449646
29666.0 12.7220153809
29666.0 5.22089004517
29666.0 5.17106056213
29662.0 12.8400325775
29662.0 5.10001182556
29660.0 12.9070281982
29636.0 12.7210617065
29634.0 12.6149654388
29620.0 12.7129554749
29612.0 12.5629901886
29579.0 13.3979320526
29579.0 5.31482696533
29569.0 12.6960277557
29556.0 12.631893158
29530.0 12.8469467163
29523.0 29.6070575714
29473.0 12.932062149
29473.0 5.08403778076
29473.0 5.20896911621
29473.0 5.1281452179
29473.0 5.12909889221
29464.0 12.9270553589
29463.0 12.8729343414
29463.0 5.16796112061
29463.0 5.10096549988
29463.0 5.12599945068
29463.0 5.02991676331
29463.0 4.92906570435
29448.0 14.536857605
29448.0 5.19609451294
29448.0 5.07187843323
29400.0 30.2381515503
29400.0 5.19299507141
29391.0 12.923002243
29391.0 5.29289245605
29391.0 5.01489639282
29359.0 13.1139755249
29359.0 5.20396232605
29359.0 4.93478775024
29349.0 12.7499103546
29349.0 5.20014762878
29349.0 5.03611564636
29349.0 5.16510009766
29349.0 5.20491600037
29345.0 12.8557682037
29345.0 5.12409210205
29345.0 5.13601303101
29334.0 12.6709938049
29333.0 29.736995697
29333.0 5.32507896423
29333.0 5.05590438843
29333.0 5.29289245605
29327.0 13.0321979523
29327.0 5.23114204407
29306.0 12.9699707031
29306.0 5.38492202759
29306.0 5.22589683533
29281.0 12.9241943359
29281.0 5.27286529541
29281.0 5.53584098816
29281.0 5.24401664734
29281.0 5.24687767029
29281.0 5.04589080811
29281.0 5.04302978516
29278.0 30.3909778595
29278.0 5.14197349548
29278.0 5.16891479492
29278.0 5.34820556641
29278.0 5.11813163757
29276.0 13.0841732025
29276.0 5.36704063416
29276.0 5.20586967468
29272.0 12.9890441895
29272.0 5.29098510742
29272.0 4.92787361145
29272.0 5.25593757629
29272.0 5.41019439697
29272.0 4.98795509338
29268.0 12.9690170288
29268.0 5.26785850525
29262.0 12.7041339874
29262.0 22.4959850311
29262.0 5.05709648132
29262.0 5.24592399597
29262.0 5.28311729431
29262.0 5.12790679932
29262.0 5.06591796875
29262.0 5.19394874573
29262.0 5.00106811523
29262.0 5.20181655884
29213.0 13.0529403687
29213.0 5.08189201355
29213.0 5.01108169556
29212.0 12.9408836365
29212.0 5.20706176758
29204.0 12.8569602966
29204.0 5.22899627686
29204.0 5.03015518188
29183.0 29.6130180359
29176.0 12.9811763763
29176.0 5.01108169556
29176.0 5.0048828125
29170.0 12.9120349884
29170.0 5.10692596436
29170.0 5.15294075012
29144.0 12.8879547119
29144.0 4.95481491089
29144.0 4.94003295898
29144.0 5.27310371399
29115.0 12.7809047699
29115.0 5.29003143311
29115.0 5.20205497742
29113.0 12.9108428955
29113.0 5.31196594238
29100.0 31.7049026489
29100.0 5.28407096863
29100.0 5.14793395996
29063.0 13.0321979523
29063.0 5.09214401245
29063.0 5.50508499146
29060.0 14.044046402
28975.0 13.4010314941
28929.0 12.8049850464
28929.0 5.22804260254
28929.0 5.04112243652
28929.0 5.15007972717
28922.0 13.0670070648
28920.0 13.170003891
28898.0 13.0290985107
28898.0 5.44905662537
28894.0 12.8529071808
28894.0 22.127866745
28885.0 13.2491588593
28867.0 13.1509304047
28857.0 13.769865036
28853.0 13.6411190033
28853.0 5.18012046814
28840.0 12.9218101501
28840.0 5.34987449646
28840.0 5.01298904419
28790.0 13.0128860474
28790.0 5.46097755432
28790.0 5.18798828125
28790.0 5.26595115662
28720.0 13.1440162659
28720.0 5.1748752594
28719.0 12.7670764923
28719.0 5.31101226807
28719.0 22.0048427582
28718.0 13.1890773773
28623.0 13.0431652069
28595.0 12.8650665283
28595.0 5.21898269653
28595.0 5.15198707581
28570.0 12.9089355469
28570.0 5.17392158508
28551.0 12.5410556793
28551.0 5.16295433044
28551.0 5.08809089661
28551.0 5.05208969116
28551.0 5.04302978516
28551.0 5.23018836975
28551.0 4.99606132507
28551.0 5.06401062012
28546.0 30.2081108093
28546.0 5.32698631287
28539.0 13.5858058929
28539.0 5.58400154114
28539.0 5.22804260254
28490.0 13.0009651184
28450.0 13.2391452789
28444.0 12.8788948059
28436.0 13.0062103271
28429.0 14.0841007233
28416.0 13.0000114441
28393.0 12.7959251404
28388.0 12.8748416901
28381.0 12.7701759338
28368.0 12.8338336945
28368.0 5.2227973938
28340.0 12.7668380737
28340.0 22.3701000214
28340.0 5.45501708984
28340.0 6.3259601593
28340.0 5.49983978271
28302.0 13.2122039795
28302.0 5.29384613037
28302.0 5.15508651733
28302.0 5.26404380798
28302.0 5.24091720581
28279.0 12.9508972168
28276.0 13.0198001862
28249.0 12.7410888672
28249.0 5.11193275452
28249.0 5.22303581238
28249.0 5.06901741028
28249.0 5.21492958069
28223.0 30.8151245117
28198.0 12.9289627075
28198.0 5.27501106262
28186.0 13.1242275238
28178.0 12.8540992737
28178.0 5.28287887573
28169.0 13.0550861359
28169.0 5.2809715271
28169.0 5.33294677734
28169.0 5.27405738831
28138.0 12.7408504486
28107.0 12.9280090332
28107.0 5.35011291504
28087.0 12.6440525055
28087.0 5.17892837524
28087.0 5.12385368347
28087.0 5.09405136108
28080.0 30.2219390869
28068.0 12.852191925
28068.0 5.19800186157
28068.0 5.12409210205
28068.0 5.26690483093
28068.0 5.08904457092
28068.0 5.31411170959
28068.0 5.17797470093
28060.0 13.0519866943
28060.0 5.20706176758
28045.0 12.7060413361
28045.0 5.12099266052
28036.0 12.82787323
28036.0 5.16104698181
27992.0 12.6850605011
27992.0 5.19895553589
27991.0 12.6869678497
27991.0 21.9650268555
27991.0 5.25403022766
27990.0 12.7670764923
27982.0 12.9070281982
27961.0 12.9549503326
27959.0 12.7799510956
27959.0 5.0060749054
27959.0 5.10382652283
27959.0 4.99296188354
27959.0 5.2227973938
27935.0 12.934923172
27914.0 12.6352310181
27908.0 12.5992298126
27908.0 5.06210327148
27908.0 4.87804412842
27908.0 5.01489639282
27908.0 22.8679180145
27908.0 5.09810447693
27908.0 5.15103340149
27908.0 5.21206855774
27906.0 12.9790306091
27906.0 5.126953125
27838.0 12.9129886627
27762.0 12.7260684967
27762.0 5.0151348114
27726.0 12.7999782562
27706.0 13.3230686188
27706.0 5.48696517944
27706.0 5.69295883179
27706.0 5.17606735229
27706.0 5.12790679932
27698.0 14.1220092773
27687.0 13.1318569183
27687.0 22.1791267395
27687.0 5.27811050415
27680.0 13.1578445435
27671.0 12.9768848419
27651.0 13.1149291992
27651.0 5.16200065613
27651.0 5.13696670532
27638.0 13.5118961334
27638.0 4.99606132507
27638.0 4.96602058411
27638.0 5.14101982117
27638.0 4.91786003113
27577.0 12.815952301
27565.0 12.8400325775
27481.0 12.5420093536
27458.0 12.6709938049
27458.0 5.15103340149
27458.0 22.027015686
27443.0 13.0310058594
27443.0 5.23400306702
27443.0 5.01298904419
27443.0 5.18298149109
27411.0 12.699842453
27402.0 12.8560066223
27402.0 5.17606735229
27402.0 5.07807731628
27383.0 12.7239227295
27358.0 12.8219127655
27358.0 4.96506690979
27355.0 12.5529766083
27355.0 5.04994392395
27330.0 12.5110149384
27330.0 4.93788719177
27300.0 30.4989814758
27295.0 12.9461288452
27295.0 5.23805618286
27295.0 5.22804260254
27295.0 4.95505332947
27280.0 12.8591060638
27280.0 5.14602661133
27280.0 4.93097305298
27280.0 5.01394271851
27280.0 5.31196594238
27238.0 12.8531455994
27238.0 5.04899024963
27219.0 12.7558708191
27219.0 4.93502616882
27219.0 4.99415397644
