73514.0 303.525209427
73457.0 33.2679748535
73431.0 28.9578437805
73431.0 11.9459629059
73431.0 11.7869377136
73406.0 28.8200378418
73404.0 57.0979118347
73392.0 28.9051532745
73392.0 11.7089748383
73385.0 28.4140110016
73324.0 28.5210609436
73307.0 28.5058021545
73307.0 11.7809772491
73278.0 28.5639762878
73276.0 57.3561191559
73270.0 28.8219451904
73270.0 11.7790699005
73270.0 11.8808746338
73215.0 28.8319587708
73209.0 28.7411212921
73209.0 11.824131012
73209.0 11.7621421814
73209.0 40.344953537
73196.0 28.7780761719
73196.0 12.3069286346
73119.0 30.2979946136
73072.0 28.6037921906
73072.0 12.001991272
73028.0 29.0188789368
73028.0 11.8319988251
73028.0 40.1360988617
73028.0 12.2199058533
73028.0 11.8288993835
73016.0 28.9840698242
73014.0 28.9900302887
73009.0 28.5251140594
72994.0 28.5520553589
72969.0 28.529882431
72926.0 56.5400123596
72900.0 28.7411212921
72897.0 28.4910202026
72880.0 28.6500453949
72868.0 28.538942337
72793.0 28.8090705872
72793.0 11.8060112
72793.0 11.7959976196
72793.0 39.3829345703
72724.0 28.6931991577
72724.0 11.7180347443
72724.0 11.9078159332
72698.0 28.4459590912
72641.0 28.5079479218
72641.0 11.9059085846
72616.0 58.501958847
72591.0 28.7630558014
72591.0 11.7709636688
72576.0 28.4669399261
72576.0 11.953830719
72576.0 11.6310119629
72576.0 11.9798183441
72569.0 28.8391113281
72530.0 57.9800605774
72487.0 28.9199352264
72483.0 31.9228172302
72483.0 11.9159221649
72466.0 28.6459922791
72466.0 12.1159553528
72466.0 12.7561092377
72463.0 28.8338661194
72463.0 39.86287117
72462.0 28.4969806671
72462.0 12.0000839233
72435.0 28.6400318146
72435.0 11.8100643158
72432.0 28.6738872528
72432.0 11.8231773376
72395.0 28.8569927216
72395.0 39.9880409241
72384.0 28.685092926
72384.0 11.8298530579
72353.0 28.6920070648
72353.0 12.0270252228
72311.0 28.3670425415
72311.0 11.8839740753
72311.0 12.0820999146
72282.0 56.8459033966
72233.0 28.843164444
72233.0 11.8398666382
72196.0 28.5542011261
72160.0 28.5398960114
72111.0 28.528213501
72111.0 11.843919754
72058.0 28.5129547119
72058.0 39.4849777222
72058.0 11.913061142
72021.0 28.7871360779
72021.0 11.9321346283
72003.0 28.489112854
72003.0 12.0508670807
71985.0 28.5019874573
71985.0 40.0848388672
71912.0 29.0329456329
71896.0 28.7189483643
71896.0 11.892080307
71896.0 11.8200778961
71862.0 28.6109447479
71821.0 28.7439823151
71821.0 11.864900589
71799.0 57.2471618652
71780.0 28.6870002747
71766.0 28.6791324615
71728.0 28.648853302
71711.0 30.4820537567
71711.0 12.1119022369
71672.0 28.4190177917
71672.0 11.696100235
71666.0 56.8900108337
71666.0 11.8770599365
71636.0 28.6378860474
71636.0 11.8432044983
71636.0 11.6639137268
71636.0 11.7099285126
71636.0 11.6369724274
71632.0 28.6469459534
71618.0 56.5810203552
71618.0 11.8088722229
71604.0 28.5520553589
71598.0 28.5761356354
71598.0 11.7650032043
71533.0 28.8519859314
71489.0 28.7239551544
71479.0 28.5179615021
71479.0 40.0030612946
71479.0 11.9831562042
71479.0 11.8360519409
71479.0 11.9659900665
71479.0 11.8391513824
71469.0 28.6841392517
71469.0 12.0270252228
71431.0 57.6038360596
71431.0 12.0990276337
71431.0 11.8038654327
71431.0 11.8951797485
71430.0 28.8600921631
71424.0 30.1120281219
71424.0 11.8169784546
71412.0 28.5289287567
71403.0 56.9310188293
71400.0 28.7051200867
71399.0 28.8269519806
71399.0 11.9969844818
71370.0 28.6359786987
71370.0 12.0558738708
71370.0 12.5000476837
71370.0 12.5689506531
71360.0 56.6930770874
71360.0 12.0620727539
71348.0 28.5420417786
71328.0 28.8698673248
71324.0 29.2139053345
71298.0 28.7759304047
71287.0 28.9540290833
71287.0 11.9349956512
71283.0 56.5891265869
71283.0 11.9459629059
71283.0 11.7130279541
71267.0 28.8751125336
71255.0 28.981924057
71228.0 28.6860466003
71205.0 28.6481380463
71191.0 28.5980701447
71191.0 39.675951004
71189.0 29.0188789368
71184.0 28.5890102386
71184.0 11.8551254272
71134.0 28.7010669708
71134.0 12.0961666107
71112.0 28.7961959839
71112.0 11.7969512939
71112.0 39.3381118774
71104.0 28.6710262299
71104.0 11.8641853333
71102.0 29.0100574493
71102.0 11.9369029999
71095.0 28.7251472473
71095.0 11.9349956512
71095.0 40.4608249664
71095.0 11.9910240173
71094.0 28.6531448364
71068.0 28.7780761719
71009.0 28.844833374
71009.0 11.8510723114
70998.0 28.6700725555
70998.0 12.1290683746
70998.0 40.3559207916
70998.0 11.8398666382
70962.0 28.7230014801
70935.0 28.7680625916
70923.0 28.627872467
70889.0 28.9418697357
70889.0 11.6739273071
70872.0 28.5699367523
70861.0 57.7080249786
70837.0 28.7160873413
70837.0 12.1040344238
70776.0 28.6200046539
70776.0 11.8498802185
70776.0 11.8799209595
70776.0 11.981010437
70747.0 28.7430286407
70747.0 39.8101806641
70747.0 11.757850647
70738.0 28.6960601807
70738.0 11.7869377136
70703.0 28.8670063019
70664.0 28.685092926
70664.0 11.6899013519
70664.0 11.962890625
70664.0 39.5309925079
70664.0 11.9791030884
70656.0 28.8281440735
70610.0 28.8860797882
70610.0 11.8489265442
70610.0 11.8098258972
70609.0 28.7549495697
70599.0 28.6781787872
70599.0 39.0999317169
70599.0 11.7959976196
70583.0 28.7189483643
70583.0 11.7349624634
70583.0 11.8110179901
70583.0 11.8930339813
70583.0 11.8491649628
70559.0 57.8649044037
70559.0 11.9321346283
70559.0 11.8179321289
70559.0 11.7599964142
70485.0 28.7849903107
70485.0 11.6879940033
70485.0 11.9252204895
70485.0 12.1488571167
70470.0 57.0161342621
70464.0 28.3710956573
70460.0 28.6481380463
70460.0 11.85297966
70433.0 28.5301208496
70413.0 28.9220809937
70363.0 28.7821292877
70353.0 28.67603302
70263.0 56.8768978119
70263.0 11.6980075836
70247.0 28.4690856934
70205.0 28.5060405731
70188.0 28.5079479218
70188.0 11.901140213
70131.0 28.8469791412
70113.0 28.5849571228
70100.0 56.351184845
70095.0 28.4390449524
70095.0 12.0420455933
70086.0 28.3989906311
70050.0 28.6848545074
70050.0 13.2949352264
70050.0 12.1340751648
70040.0 28.9671421051
70017.0 56.6439628601
70017.0 12.011051178
69979.0 28.6700725555
69956.0 28.7311077118
69956.0 11.8398666382
69955.0 28.548002243
69955.0 11.6751194
69955.0 40.1480197906
69909.0 28.9130210876
69882.0 28.5849571228
69882.0 11.8298530579
69804.0 28.5530090332
69774.0 28.6841392517
69774.0 11.981010437
69747.0 28.2988548279
69747.0 39.9298667908
69747.0 12.1960639954
69726.0 29.4179916382
69726.0 11.9469165802
69726.0 0.00190734863281
69726.0 11.8911266327
69708.0 28.7821292877
69690.0 29.0749073029
69690.0 11.8470191956
69690.0 40.5609607697
69672.0 28.911113739
69650.0 28.5770893097
69650.0 11.9228363037
69650.0 13.1540298462
69628.0 28.7470817566
69628.0 11.7480754852
69628.0 11.5790367126
69628.0 39.6411418915
69578.0 28.3930301666
69578.0 11.6760730743
69578.0 12.2029781342
69578.0 11.8918418884
69578.0 11.577129364
69545.0 28.6951065063
69545.0 11.7988586426
69545.0 39.6199226379
69545.0 11.9819641113
69537.0 28.3560752869
69537.0 11.7859840393
69537.0 11.8029117584
69529.0 28.4609794617
69529.0 11.9209289551
69529.0 11.6641521454
69526.0 55.8068752289
69500.0 28.7709236145
69500.0 11.8041038513
69480.0 28.5260677338
69480.0 11.7409229279
69458.0 28.4669399261
69458.0 11.8539333344
69458.0 40.2901172638
69457.0 28.6438465118
69429.0 28.4550189972
69417.0 28.6629199982
69397.0 28.6190509796
69397.0 11.6720199585
69388.0 29.6051502228
69388.0 11.9550228119
69382.0 57.1069717407
69382.0 11.8370056152
69377.0 28.7580490112
69377.0 11.7650032043
69367.0 28.5959243774
69330.0 28.5530090332
69330.0 11.5649700165
69330.0 11.7080211639
69323.0 56.9908618927
69323.0 11.913061142
69311.0 28.6118984222
69311.0 11.8539333344
69279.0 28.5148620605
69270.0 28.6707878113
69270.0 11.5752220154
69270.0 11.8389129639
69270.0 39.90483284
69270.0 11.8250846863
69244.0 28.6118984222
69240.0 28.6540985107
69240.0 12.0089054108
69240.0 11.910200119
69203.0 28.6560058594
69203.0 11.8069648743
69201.0 56.2889575958
69201.0 11.9478702545
69190.0 28.5980701447
69184.0 28.568983078
69184.0 11.9760036469
69184.0 12.0668411255
69180.0 29.4198989868
69147.0 28.7549495697
69147.0 39.46185112
69147.0 11.7020606995
69144.0 28.5408496857
69144.0 11.7299556732
69125.0 28.6319255829
69109.0 28.990983963
69109.0 11.913061142
69109.0 40.4419898987
69070.0 28.7909507751
69045.0 28.7089347839
69045.0 11.7540359497
69036.0 28.491973877
69033.0 28.7420749664
69033.0 11.6930007935
69033.0 11.8989944458
69033.0 40.3809547424
69033.0 11.9290351868
69033.0 11.8000507355
69033.0 11.7969512939
69033.0 11.8319988251
69033.0 11.9450092316
69033.0 11.8041038513
69033.0 11.7399692535
69033.0 40.1539802551
69021.0 28.7780761719
69011.0 28.8879871368
68999.0 28.5971164703
68990.0 28.4550189972
68972.0 28.8219451904
68972.0 12.0890140533
68972.0 12.7840042114
68972.0 39.9858951569
68970.0 28.8510322571
68962.0 28.7020206451
68954.0 28.9349555969
68954.0 11.7599964142
68954.0 11.9140148163
68940.0 28.892993927
68940.0 11.9369029999
68940.0 39.4959449768
68884.0 28.815984726
68874.0 28.8689136505
68867.0 28.923034668
68831.0 28.5799503326
68807.0 28.7799835205
68807.0 11.9700431824
68807.0 40.2250289917
68777.0 28.8009643555
68776.0 28.7170410156
68763.0 28.8879871368
68737.0 28.5398960114
68729.0 28.8939476013
68707.0 28.8119316101
68707.0 11.8250846863
68661.0 57.1231842041
68641.0 28.7940502167
68641.0 11.782169342
68629.0 29.1981697083
68611.0 29.4079780579
68611.0 11.6488933563
68611.0 11.7721557617
68611.0 11.8911266327
68596.0 57.2590827942
68596.0 12.0050907135
68596.0 11.9891166687
68588.0 29.4198989868
68588.0 12.0568275452
68574.0 29.2670726776
68556.0 28.8298130035
68556.0 11.9349956512
68556.0 39.7510528564
68556.0 11.8539333344
68556.0 12.0289325714
68556.0 11.9438171387
68551.0 28.8288593292
68551.0 11.8329524994
68551.0 11.9249820709
68544.0 28.6610126495
68544.0 39.7789478302
68514.0 28.904914856
68514.0 11.7959976196
68486.0 28.5999774933
68471.0 28.7008285522
68471.0 11.7871761322
68469.0 28.6681652069
68461.0 28.5909175873
68461.0 39.3958091736
68441.0 28.6378860474
68441.0 11.7042064667
68419.0 28.7439823151
68348.0 28.843164444
68348.0 11.8169784546
68346.0 28.6982059479
68346.0 40.2040481567
68323.0 29.0939807892
68303.0 28.6819934845
68303.0 11.6319656372
68303.0 11.7948055267
68257.0 28.9030075073
68257.0 11.8780136108
68250.0 28.7339687347
68246.0 57.6109886169
68246.0 12.1190547943
68246.0 11.9249820709
68213.0 28.8951396942
68213.0 11.8048191071
68213.0 12.0770931244
68189.0 29.0331840515
68181.0 28.8889408112
68140.0 57.1780204773
68140.0 11.9390487671
68140.0 11.9791030884
68137.0 28.706073761
68137.0 11.873960495
68128.0 28.5980701447
68128.0 11.7888450623
68123.0 28.8519859314
68074.0 56.5919876099
68067.0 28.5511016846
68067.0 11.7871761322
68067.0 11.8138790131
68037.0 28.9409160614
68037.0 11.7409229279
68037.0 11.656999588
68012.0 28.548002243
68003.0 56.5111637115
67985.0 28.7680625916
67982.0 28.4740924835
67982.0 11.9099617004
67968.0 28.6149978638
67945.0 28.7349224091
67922.0 28.7189483643
67922.0 12.11810112
67922.0 39.7520065308
67922.0 12.1901035309
67919.0 28.9101600647
67919.0 11.9340419769
67899.0 28.8739204407
67899.0 12.1409893036
67886.0 28.6428928375
67886.0 40.6122207642
67886.0 12.0248794556
67885.0 28.8891792297
67885.0 12.109041214
67860.0 28.6149978638
67860.0 11.9090080261
67860.0 11.9090080261
67860.0 11.7809772491
67830.0 57.254076004
67827.0 28.746843338
67800.0 28.8841724396
67800.0 12.1130943298
67800.0 11.8939876556
67800.0 11.8579864502
67800.0 11.6090774536
67800.0 11.766910553
67800.0 40.5669212341
67787.0 28.8579463959
67787.0 12.186050415
67787.0 11.6899013519
67787.0 11.7568969727
67786.0 28.5179615021
67744.0 29.1380882263
67723.0 28.6529064178
67717.0 56.6911697388
67717.0 12.0120048523
67717.0 11.9168758392
67717.0 11.9230747223
67704.0 28.7818908691
67704.0 12.0310783386
67704.0 12.0320320129
67686.0 28.9499759674
67680.0 56.4482212067
67680.0 11.9371414185
67680.0 12.0329856873
67680.0 12.0129585266
67671.0 28.5739898682
67662.0 30.9569835663
67662.0 11.9299888611
67653.0 57.3561191559
67642.0 31.1889648438
67614.0 29.1080474854
67614.0 12.0639801025
67609.0 28.7840366364
67609.0 11.7559432983
67609.0 11.8579864502
67609.0 11.8329524994
67552.0 57.2330951691
67523.0 28.6989212036
67523.0 12.2678279877
67521.0 28.795003891
67521.0 12.0508670807
67521.0 11.8980407715
67521.0 12.4068260193
67521.0 12.5551223755
67513.0 57.1389198303
67464.0 29.0038585663
67430.0 28.7511348724
67430.0 12.0708942413
67430.0 11.8849277496
67424.0 29.1781425476
67424.0 11.8429660797
67413.0 29.1469097137
67413.0 40.109872818
67409.0 28.8000106812
67406.0 28.6691188812
67385.0 28.8009643555
67352.0 28.881072998
67328.0 28.6550521851
67326.0 28.6300182343
67315.0 29.5090675354
67269.0 56.2388896942
67247.0 29.03008461
67246.0 28.6681652069
67229.0 28.5658836365
67229.0 11.7838382721
67229.0 12.0379924774
67203.0 29.070854187
67203.0 11.7168426514
67137.0 56.5440654755
67137.0 11.9700431824
67110.0 28.7911891937
67110.0 12.0260715485
67110.0 11.8219852448
67110.0 11.8541717529
67110.0 11.9099617004
67098.0 57.8300952911
67098.0 12.0759010315
67098.0 11.775970459
67098.0 11.9709968567
67074.0 28.8200378418
67047.0 28.8698673248
67047.0 11.8370056152
66974.0 28.5151004791
66961.0 57.6009750366
66951.0 28.7930965424
66951.0 11.7568969727
66902.0 28.715133667
66891.0 28.8550853729
66891.0 11.8360519409
66891.0 11.8541717529
66891.0 11.7790699005
66891.0 40.333032608
66865.0 28.6290645599
66810.0 28.6819934845
66747.0 28.5558700562
66747.0 11.7189884186
66714.0 28.5279750824
66688.0 28.6240577698
66663.0 28.6710262299
66655.0 57.1401119232
66655.0 11.9459629059
66655.0 11.9409561157
66655.0 11.8131637573
66655.0 12.0439529419
66655.0 11.8350982666
66655.0 11.7201805115
66644.0 28.8510322571
66623.0 57.0569038391
66607.0 28.8698673248
66607.0 11.8889808655
66607.0 11.8279457092
66589.0 28.8698673248
66577.0 28.7570953369
66577.0 11.8269920349
66577.0 11.7909908295
66539.0 56.9939613342
66510.0 28.5291671753
66506.0 28.6638736725
66505.0 29.0541648865
66505.0 11.8861198425
66482.0 28.7809371948
66482.0 11.8799209595
66482.0 40.7900810242
66482.0 11.9438171387
66482.0 11.971950531
66482.0 12.0959281921
66468.0 28.785943985
66461.0 28.9270877838
66461.0 11.9268894196
66461.0 11.9619369507
66461.0 40.8301353455
66431.0 28.6231040955
66421.0 29.0310382843
66413.0 28.9590358734
66413.0 11.9569301605
66391.0 28.9559364319
66391.0 11.8308067322
66391.0 11.8010044098
66391.0 40.3730869293
66385.0 29.0880203247
66381.0 28.8920402527
66357.0 28.7239551544
66357.0 11.7630958557
66357.0 11.8541717529
66350.0 28.7261009216
66310.0 28.6819934845
66310.0 40.2729511261
66272.0 28.7280082703
66262.0 28.7311077118
66262.0 11.9001865387
66252.0 28.7759304047
66238.0 28.6650657654
66238.0 11.9678974152
66215.0 28.6431312561
66215.0 40.2359962463
66215.0 11.8489265442
66190.0 28.8379192352
66182.0 29.1330814362
66182.0 11.7762088776
66181.0 29.0069580078
66095.0 29.1881561279
66095.0 40.8771038055
66095.0 12.0949745178
66095.0 11.6651058197
66095.0 11.9190216064
66069.0 28.6629199982
66063.0 28.6500453949
66051.0 29.0009975433
66045.0 28.7799835205
66045.0 40.4918193817
66045.0 11.7609500885
66032.0 30.4160118103
66028.0 28.8729667664
66007.0 28.7330150604
66007.0 11.9278430939
66000.0 28.8767814636
65990.0 28.8379192352
65990.0 40.4050350189
65959.0 28.4111499786
65959.0 11.9338035583
65918.0 28.7439823151
65918.0 11.794090271
65918.0 11.757850647
65892.0 28.7849903107
65874.0 28.6960601807
65874.0 40.2858257294
65861.0 28.8329124451
65861.0 12.1288299561
65856.0 28.9530754089
65856.0 11.9500160217
65815.0 28.7549495697
65801.0 28.6049842834
65753.0 28.8901329041
65747.0 57.137966156
65747.0 12.0749473572
65747.0 11.9118690491
65747.0 11.6760730743
65747.0 11.8780136108
65747.0 11.9171142578
65745.0 28.950214386
65733.0 28.6591053009
65731.0 56.6120147705
65731.0 11.7700099945
65721.0 28.5971164703
65721.0 11.8548870087
65721.0 11.6591453552
65721.0 11.7461681366
65721.0 11.8050575256
65717.0 57.7380657196
65688.0 28.7930965424
65679.0 28.7399291992
65675.0 28.6428928375
65675.0 11.7750167847
65675.0 11.6159915924
65669.0 28.7070274353
65669.0 11.8350982666
65669.0 40.7838821411
65669.0 11.8019580841
65669.0 11.7380619049
65669.0 11.89494133
65660.0 28.6588668823
65660.0 11.9380950928
65644.0 28.7420749664
65644.0 11.9400024414
65594.0 57.2872161865
65594.0 11.8379592896
65593.0 29.0269851685
65556.0 28.6231040955
65556.0 11.6338729858
65556.0 11.8110179901
65556.0 11.5671157837
65556.0 11.7568969727
65548.0 57.2848320007
65548.0 11.9249820709
65548.0 11.7580890656
65541.0 28.8038253784
65541.0 11.8038654327
65541.0 11.6989612579
65541.0 11.7189884186
65523.0 28.6319255829
65523.0 40.1530265808
65483.0 28.8329124451
65483.0 11.8050575256
65483.0 11.8420124054
65483.0 11.8138790131
65483.0 11.626958847
65483.0 12.1250152588
65449.0 28.8610458374
65449.0 39.7160053253
65413.0 28.6309719086
65409.0 28.6490917206
65409.0 11.9738578796
65352.0 28.6290645599
65352.0 11.7599964142
65349.0 28.5868644714
65349.0 40.8020019531
65293.0 28.8920402527
65276.0 28.8188457489
65260.0 28.7108421326
65260.0 11.7089748383
65256.0 28.6769866943
65223.0 28.6982059479
65223.0 11.8370056152
65223.0 40.8887863159
65223.0 11.8551254272
65223.0 11.7449760437
65223.0 12.0930671692
65205.0 30.2560329437
65179.0 28.8388729095
65159.0 28.58710289
65159.0 11.7030143738
65159.0 40.7030582428
65159.0 11.8410587311
65154.0 28.7301540375
65154.0 11.7709636688
65154.0 11.7208957672
65144.0 28.7890434265
65120.0 28.4738540649
65120.0 11.9681358337
65120.0 40.0388240814
65114.0 28.6359786987
65114.0 11.9669437408
65114.0 11.8010044098
65114.0 12.07280159
65114.0 11.8007659912
65096.0 28.6781787872
65096.0 11.8329524994
65092.0 56.6449165344
65092.0 11.9469165802
65073.0 29.2468070984
65037.0 28.76496315
65011.0 28.6040306091
65002.0 28.7470817566
65002.0 11.8880271912
65002.0 41.0199165344
65002.0 11.8598937988
65002.0 11.8188858032
64973.0 28.7580490112
64952.0 28.8560390472
64925.0 28.6800861359
64925.0 11.9271278381
64908.0 28.7210941315
64908.0 40.7259464264
64905.0 28.7301540375
64879.0 28.7051200867
64879.0 11.8381977081
64879.0 11.5969181061
64879.0 11.8110179901
64836.0 29.8111438751
64836.0 12.0260715485
64827.0 57.7008724213
64809.0 29.0060043335
64805.0 28.4359455109
64801.0 29.415845871
64747.0 28.8808345795
64736.0 29.266834259
64736.0 11.8689537048
64736.0 12.139081955
64736.0 40.3578281403
64736.0 11.999130249
64736.0 11.8389129639
64736.0 11.8379592896
64714.0 28.8889408112
64714.0 11.7130279541
64714.0 11.871099472
64714.0 12.0251178741
64714.0 40.1980876923
64714.0 11.8849277496
64684.0 28.8960933685
64680.0 29.0079116821
64680.0 11.9421482086
64680.0 11.8968486786
64666.0 28.6259651184
64655.0 28.6979675293
64651.0 56.627035141
64651.0 11.992931366
64651.0 11.8939876556
64651.0 11.9669437408
64651.0 11.7790699005
64642.0 28.6719799042
64642.0 12.081861496
64642.0 41.0070419312
64629.0 28.8379192352
64629.0 11.8448734283
64577.0 28.6121368408
64577.0 11.9850635529
64577.0 11.775970459
64485.0 28.8090705872
64485.0 11.7988586426
64457.0 57.8060150146
64437.0 28.7840366364
64425.0 28.6691188812
64401.0 28.9170742035
64401.0 11.9750499725
64401.0 11.6808414459
64394.0 28.5980701447
64379.0 28.6650657654
64379.0 40.7099723816
64330.0 28.9881229401
64330.0 12.1259689331
64330.0 11.7609500885
64330.0 11.7878913879
64330.0 12.0339393616
64295.0 28.7189483643
64295.0 12.0079517365
64295.0 40.5480861664
64295.0 11.9049549103
64295.0 11.9550228119
64288.0 28.8560390472
64277.0 28.9340019226
64277.0 12.0310783386
64248.0 28.8059711456
64248.0 11.7521286011
64220.0 57.0640563965
64220.0 11.9230747223
64218.0 28.6800861359
64187.0 28.7039279938
64187.0 11.8570327759
64185.0 28.5291671753
64171.0 28.913974762
64171.0 11.8780136108
64151.0 57.0030212402
64151.0 11.8820667267
64151.0 12.0410919189
64151.0 11.9431018829
64142.0 28.6641120911
64142.0 12.0320320129
64133.0 28.5501480103
64133.0 40.7071113586
64133.0 12.0348930359
64133.0 11.9459629059
64112.0 28.8081169128
64112.0 11.9168758392
64112.0 11.8579864502
64112.0 11.9371414185
64112.0 11.9111537933
64112.0 40.8689975739
64062.0 28.4850597382
64062.0 11.9650363922
64062.0 11.9240283966
64055.0 29.0250778198
64055.0 11.9750499725
64055.0 11.6081237793
64051.0 28.5739898682
64045.0 57.5270652771
64045.0 11.992931366
64037.0 28.7129878998
63983.0 28.804063797
63980.0 28.6340713501
63969.0 28.9258956909
63969.0 11.677980423
63907.0 28.9070606232
63893.0 57.5778484344
63893.0 11.8780136108
63893.0 11.85297966
63893.0 12.1359825134
63893.0 11.8141174316
63893.0 11.873960495
63877.0 28.9051532745
63828.0 28.825044632
63811.0 56.9908618927
63803.0 28.6650657654
63803.0 11.9309425354
63803.0 11.843919754
63803.0 11.7950439453
63803.0 11.9888782501
63803.0 11.8560791016
63803.0 41.0940647125
63803.0 11.9910240173
63803.0 11.7428302765
63803.0 11.885881424
63767.0 28.5429954529
63742.0 28.7001132965
63701.0 28.7160873413
63679.0 28.6061763763
63660.0 57.7020645142
63660.0 11.9287967682
63660.0 11.9268894196
63660.0 11.9500160217
63660.0 12.0210647583
63660.0 11.7969512939
63618.0 28.5470485687
63618.0 11.7290019989
63618.0 40.8279895782
63610.0 28.501033783
63585.0 28.7070274353
63573.0 28.9700031281
63573.0 12.6180648804
63573.0 12.4189853668
63532.0 28.76496315
63532.0 12.1650695801
63532.0 40.3559207916
63532.0 11.8908882141
63532.0 11.9149684906
63499.0 28.7899971008
63476.0 29.3560028076
63474.0 28.9108753204
63459.0 29.4189453125
63456.0 28.7170410156
63454.0 57.2791099548
63431.0 28.9208889008
63431.0 11.6639137268
63431.0 12.3438835144
63427.0 28.685092926
63419.0 28.7790298462
63413.0 29.9639701843
63368.0 29.6230316162
63368.0 40.1129722595
63368.0 11.9740962982
63355.0 28.7590026855
63355.0 11.9290351868
63336.0 28.8109779358
63307.0 28.6469459534
63285.0 28.7780761719
63285.0 41.2011146545
63255.0 28.8689136505
63239.0 29.1390419006
63239.0 11.8939876556
63239.0 11.8889808655
63239.0 11.8269920349
63235.0 28.9192199707
63235.0 11.9450092316
63235.0 40.9119129181
63235.0 11.8641853333
63235.0 11.8951797485
63235.0 11.8210315704
63202.0 28.85389328
63188.0 29.0279388428
63188.0 11.913061142
63188.0 11.8610858917
