8843.0 28.5980701447
8843.0 2.44903564453
8816.0 2.82192230225
8816.0 1.12795829773
8809.0 2.67505645752
8805.0 2.67004966736
8738.0 2.7129650116
8716.0 2.76112556458
8716.0 1.11413002014
8706.0 2.73704528809
8706.0 1.1191368103
8685.0 2.67887115479
8685.0 1.1100769043
8640.0 2.74205207825
8625.0 2.70891189575
8611.0 2.70009040833
8611.0 1.18589401245
8603.0 2.80499458313
8603.0 1.12199783325
8598.0 2.7928352356
8598.0 1.11699104309
8598.0 1.13701820374
8598.0 1.11508369446
8537.0 2.73108482361
8537.0 1.13701820374
8497.0 2.76207923889
8490.0 12.4311447144
8490.0 1.11413002014
8442.0 2.70700454712
8442.0 1.14011764526
8420.0 2.69889831543
8420.0 1.10006332397
8420.0 1.17707252502
8417.0 2.69293785095
8412.0 2.69985198975
8406.0 2.75707244873
8391.0 2.67815589905
8373.0 0.00214576721191
8373.0 1.16395950317
8365.0 2.74205207825
8328.0 2.68888473511
8323.0 2.71916389465
8267.0 2.7379989624
8253.0 2.68697738647
8253.0 1.12104415894
8253.0 1.20091438293
8253.0 1.11413002014
8233.0 2.72512435913
8220.0 2.70295143127
8220.0 1.13701820374
8220.0 1.1191368103
8220.0 1.16109848022
8219.0 2.69389152527
8209.0 2.66885757446
8160.0 2.69222259521
8160.0 1.11794471741
8160.0 1.11079216003
8159.0 2.75087356567
8159.0 1.12700462341
8159.0 1.12819671631
8159.0 1.1191368103
8159.0 1.13105773926
8159.0 1.12795829773
8130.0 2.77090072632
8115.0 2.69079208374
8114.0 2.66599655151
8108.0 2.70199775696
8108.0 1.12891197205
8108.0 1.13606452942
8108.0 1.17492675781
8086.0 2.75111198425
8086.0 1.13916397095
8086.0 1.12700462341
8086.0 1.12915039062
8085.0 2.67696380615
8085.0 1.16014480591
8073.0 2.70104408264
8073.0 1.12581253052
8073.0 1.13201141357
8055.0 2.72011756897
8038.0 2.68697738647
8038.0 1.17993354797
8018.0 2.65789031982
8018.0 1.13010406494
8018.0 1.12509727478
7995.0 2.67696380615
7957.0 2.75707244873
7957.0 1.1830329895
7957.0 1.14607810974
7911.0 2.68793106079
7905.0 2.71105766296
7904.0 2.7129650116
7904.0 1.13606452942
7903.0 2.81691551208
7903.0 10.4639530182
7903.0 1.19590759277
7903.0 1.13201141357
7895.0 2.87103652954
7895.0 1.1260509491
7895.0 1.14297866821
7895.0 1.15203857422
7875.0 2.71391868591
7867.0 2.71511077881
7867.0 1.10816955566
7867.0 1.1420249939
7815.0 2.66194343567
7811.0 2.75921821594
7770.0 2.71606445312
7770.0 1.12199783325
7770.0 1.10578536987
7761.0 2.8018951416
7753.0 2.72512435913
7745.0 2.71606445312
7745.0 1.1260509491
7700.0 2.68602371216
7672.0 2.70199775696
7672.0 1.16491317749
7672.0 1.15609169006
7672.0 1.13701820374
7672.0 1.1260509491
7672.0 1.15895271301
7672.0 1.10292434692
7672.0 1.13487243652
7672.0 1.11794471741
7672.0 1.13677978516
7672.0 1.12509727478
7657.0 2.7060508728
7651.0 2.69985198975
7651.0 1.11508369446
7644.0 2.69913673401
7628.0 2.70795822144
7605.0 2.68483161926
7605.0 1.09386444092
7596.0 2.73108482361
7591.0 2.71415710449
7584.0 2.71701812744
7584.0 1.13105773926
7573.0 2.65407562256
7573.0 1.12915039062
7520.0 2.68983840942
7520.0 1.13201141357
7520.0 1.14297866821
7520.0 1.14297866821
7520.0 1.12390518188
7515.0 2.71797180176
7515.0 1.12700462341
7515.0 1.14798545837
7515.0 1.13010406494
7452.0 2.68507003784
7452.0 1.1260509491
7416.0 2.78902053833
7396.0 2.67505645752
7396.0 1.13201141357
7396.0 1.13296508789
7396.0 1.10507011414
7347.0 2.72512435913
7342.0 2.72393226624
7333.0 2.70700454712
7329.0 2.67910957336
7326.0 2.68507003784
7320.0 12.4340057373
7267.0 2.71797180176
7267.0 1.14393234253
7263.0 2.72297859192
7263.0 1.14297866821
7263.0 1.1088848114
7253.0 2.76207923889
7253.0 1.13201141357
7252.0 2.68292427063
7252.0 1.15394592285
7252.0 1.140832901
7251.0 2.7060508728
7251.0 1.18899345398
7251.0 1.13296508789
7251.0 1.12414360046
7251.0 1.12891197205
7251.0 1.12915039062
7250.0 2.67004966736
7250.0 1.216173172
7245.0 2.68006324768
7242.0 2.769947052
7242.0 1.14893913269
7227.0 2.71701812744
7227.0 1.11389160156
7218.0 2.76613235474
7218.0 1.12295150757
7218.0 1.13701820374
7218.0 1.18184089661
7217.0 2.73585319519
7183.0 2.70700454712
7183.0 1.20615959167
7183.0 1.1510848999
7183.0 1.14107131958
7170.0 2.68316268921
7170.0 1.1739730835
7161.0 2.87508964539
7136.0 2.84481048584
7119.0 2.760887146
7104.0 2.74586677551
7103.0 2.87795066833
7103.0 1.16181373596
7103.0 1.1510848999
7098.0 2.71606445312
7087.0 2.69985198975
7087.0 1.11103057861
7067.0 2.72107124329
7067.0 1.22094154358
7041.0 2.78401374817
7041.0 1.15895271301
7030.0 2.68721580505
7030.0 1.14107131958
7030.0 1.13606452942
7030.0 1.140832901
7030.0 1.1100769043
7030.0 1.26600265503
7030.0 1.14989280701
6993.0 2.75588035583
6993.0 0.000953674316406
6993.0 1.12414360046
6993.0 1.13487243652
6987.0 2.72798538208
6959.0 2.74991989136
6959.0 1.23000144958
6959.0 1.140832901
6929.0 2.85220146179
6926.0 2.65407562256
6896.0 2.71105766296
6877.0 2.73013114929
6843.0 12.2320652008
6843.0 1.11603736877
6843.0 1.12199783325
6843.0 1.1260509491
6843.0 1.12199783325
6820.0 2.76708602905
6820.0 1.13892555237
6820.0 1.12390518188
6814.0 2.69198417664
6811.0 2.70199775696
6811.0 1.16801261902
6811.0 1.12700462341
6811.0 1.1510848999
6799.0 2.66790390015
6769.0 2.72703170776
6769.0 1.13296508789
6769.0 1.13296508789
6724.0 2.74205207825
6724.0 1.16205215454
6707.0 2.70700454712
6687.0 2.67601013184
6644.0 2.7539730072
6640.0 2.69389152527
6640.0 1.13606452942
6633.0 2.69794464111
6629.0 2.70485877991
6620.0 2.90989875793
6615.0 3.49688529968
6615.0 1.2481212616
6592.0 2.88701057434
6591.0 2.7220249176
6591.0 1.15203857422
6582.0 2.85983085632
6573.0 2.7642250061
6573.0 1.16610527039
6573.0 1.11293792725
6564.0 2.73704528809
6558.0 2.70390510559
6558.0 1.19805335999
6532.0 2.71916389465
6509.0 2.7539730072
6509.0 1.17993354797
6509.0 1.17802619934
6509.0 1.16300582886
6509.0 1.140832901
6503.0 2.73203849792
6486.0 2.76708602905
6486.0 1.13320350647
6424.0 2.72488594055
6401.0 2.71677970886
6401.0 1.15704536438
6376.0 2.7379989624
6376.0 1.15513801575
6376.0 1.20902061462
6376.0 1.17301940918
6376.0 1.16300582886
6376.0 1.14917755127
6376.0 1.12795829773
6361.0 2.73990631104
6349.0 2.73084640503
6349.0 1.15203857422
6349.0 1.13892555237
6349.0 1.16896629333
6299.0 2.74109840393
6299.0 1.41882896423
6299.0 1.16610527039
6291.0 12.540102005
6291.0 1.16586685181
6279.0 2.69508361816
6279.0 1.13010406494
6248.0 2.71010398865
6248.0 1.14989280701
6248.0 1.2309551239
6248.0 1.12509727478
6248.0 1.12104415894
6220.0 2.70009040833
6220.0 1.11889839172
6220.0 1.1670589447
6219.0 2.73394584656
6199.0 2.71105766296
6199.0 1.15084648132
6199.0 1.1568069458
6199.0 1.15704536438
6196.0 2.71201133728
6191.0 2.76303291321
6191.0 1.16300582886
6174.0 2.73394584656
6174.0 1.13606452942
6168.0 2.67100334167
6158.0 2.68006324768
6122.0 2.77495384216
6122.0 1.12700462341
6122.0 1.15704536438
6114.0 2.7129650116
6079.0 2.68292427063
6046.0 2.69198417664
6026.0 2.77495384216
6016.0 2.79402732849
6014.0 2.69985198975
6014.0 1.14703178406
6014.0 1.15203857422
6012.0 2.74896621704
6010.0 2.74896621704
6010.0 1.17087364197
6009.0 2.69484519958
6008.0 2.68697738647
6008.0 1.10793113708
6008.0 1.11603736877
6008.0 1.18708610535
6008.0 1.1248588562
6006.0 2.69985198975
6006.0 1.17588043213
6006.0 1.13010406494
6006.0 1.11603736877
6006.0 1.15704536438
6006.0 1.12581253052
6006.0 1.14989280701
6006.0 1.12104415894
6005.0 2.71797180176
5999.0 2.7768611908
5999.0 1.21116638184
5999.0 1.22690200806
5999.0 1.2001991272
5989.0 2.72607803345
5978.0 2.74395942688
5978.0 1.16395950317
5977.0 2.77614593506
5973.0 2.71797180176
5973.0 1.13010406494
5972.0 2.68006324768
5972.0 1.13010406494
5964.0 2.72798538208
5964.0 0.000953674316406
5961.0 2.77996063232
5961.0 10.5128288269
5961.0 1.16181373596
5949.0 2.84600257874
5921.0 2.68292427063
5921.0 1.12199783325
5921.0 1.15203857422
5891.0 2.72488594055
5891.0 1.13916397095
5891.0 1.12009048462
5891.0 1.14703178406
5856.0 2.690076828
5856.0 1.14488601685
5856.0 1.12700462341
5856.0 1.13797187805
5856.0 0.000953674316406
5856.0 1.11508369446
5856.0 1.12795829773
5856.0 1.13892555237
5856.0 1.1510848999
5856.0 1.14989280701
5854.0 2.78282165527
5854.0 1.1579990387
5854.0 1.12104415894
5839.0 2.690076828
5821.0 2.70080566406
5808.0 2.71797180176
5782.0 2.73299217224
5782.0 1.13010406494
5780.0 2.6650428772
5780.0 1.1248588562
5750.0 2.71797180176
5750.0 1.15084648132
5750.0 1.16586685181
5750.0 1.1351108551
5736.0 2.73609161377
5727.0 2.69913673401
5727.0 1.15013122559
5727.0 1.12700462341
5727.0 1.11699104309
5727.0 1.16610527039
5712.0 2.72798538208
5712.0 1.20687484741
5712.0 1.14703178406
5712.0 1.13892555237
5712.0 1.1260509491
5712.0 1.10006332397
5694.0 2.68602371216
5673.0 2.71582603455
5673.0 1.16991996765
5668.0 2.73895263672
5657.0 2.72798538208
5657.0 1.12104415894
5637.0 2.73108482361
5631.0 2.69913673401
5631.0 1.11794471741
5629.0 2.73704528809
5624.0 2.72297859192
5624.0 1.15203857422
5624.0 1.13916397095
5624.0 1.12009048462
5624.0 1.12295150757
5600.0 2.70390510559
5590.0 2.75111198425
5590.0 1.14011764526
5590.0 1.11794471741
5590.0 1.12700462341
5562.0 2.70700454712
5562.0 10.7388496399
5562.0 1.19018554688
5562.0 1.15489959717
5562.0 1.15203857422
5551.0 2.86602973938
5551.0 1.13010406494
5548.0 2.75707244873
5548.0 1.14107131958
5548.0 1.11699104309
5537.0 2.69198417664
5537.0 1.13081932068
5537.0 1.14893913269
5537.0 1.17611885071
5537.0 1.11293792725
5537.0 1.15299224854
5537.0 1.13606452942
5537.0 1.15704536438
5537.0 1.14393234253
5532.0 2.73180007935
5532.0 1.17707252502
5524.0 2.76899337769
5524.0 1.25598907471
5524.0 1.12104415894
5524.0 1.12891197205
5515.0 2.8350353241
5509.0 2.75492668152
5509.0 1.13296508789
5509.0 1.11222267151
5509.0 1.14703178406
5498.0 2.73990631104
5498.0 1.18708610535
5497.0 2.69198417664
5476.0 2.70485877991
5476.0 1.11603736877
5474.0 2.73084640503
5451.0 2.72083282471
5451.0 1.1899471283
5451.0 1.140832901
5438.0 2.67195701599
5438.0 1.12509727478
5427.0 2.69293785095
5427.0 1.14989280701
5427.0 1.1990070343
5427.0 1.30295753479
5427.0 1.8470287323
5421.0 4.35900688171
5421.0 1.17802619934
5421.0 1.13797187805
5421.0 1.16300582886
5413.0 2.94995307922
5413.0 1.14893913269
5413.0 1.13701820374
5406.0 3.11303138733
5406.0 1.3279914856
5406.0 1.18517875671
5406.0 1.13010406494
5379.0 2.93898582458
5379.0 1.26695632935
5379.0 1.12891197205
5363.0 2.8178691864
5363.0 1.18279457092
5302.0 3.13496589661
5302.0 1.31511688232
5302.0 1.1420249939
5302.0 1.29199028015
5302.0 1.13201141357
5302.0 1.15394592285
5302.0 11.2709999084
5302.0 1.30200386047
5302.0 1.19185447693
5302.0 1.12700462341
5302.0 1.11985206604
5302.0 1.18088722229
5284.0 2.90513038635
5284.0 1.13892555237
5283.0 2.92706489563
5283.0 1.76286697388
5283.0 1.32298469543
5271.0 2.9308795929
5271.0 1.15394592285
5271.0 1.16205215454
5271.0 1.14393234253
5271.0 1.13201141357
5267.0 2.98500061035
5267.0 1.13296508789
5195.0 3.53217124939
5195.0 1.45101547241
5195.0 1.13892555237
5195.0 1.11794471741
5195.0 1.1510848999
5195.0 1.37710571289
5195.0 1.1248588562
5195.0 1.1191368103
5195.0 1.13797187805
5195.0 1.10602378845
5195.0 1.14917755127
5195.0 1.15299224854
5195.0 1.47700309753
5195.0 1.29199028015
5195.0 1.17897987366
5195.0 1.39093399048
5186.0 2.91395187378
5186.0 1.13487243652
5186.0 1.1510848999
5186.0 1.1260509491
5186.0 1.10912322998
5186.0 1.14512443542
5186.0 1.13797187805
5186.0 1.29008293152
5179.0 3.83901596069
5179.0 1.13010406494
5174.0 2.77209281921
5155.0 2.70700454712
5155.0 1.12795829773
5155.0 1.14297866821
5146.0 2.97999382019
5146.0 1.46293640137
5108.0 3.23700904846
5108.0 1.15013122559
5108.0 1.12104415894
5103.0 2.7289390564
5096.0 3.04794311523
5096.0 1.16896629333
5062.0 2.91204452515
5060.0 3.40008735657
5060.0 0.00214576721191
5060.0 1.17588043213
5055.0 2.76303291321
5055.0 1.41000747681
5055.0 1.12414360046
5050.0 2.8190612793
5050.0 1.12199783325
5050.0 1.18803977966
5050.0 1.216173172
5050.0 1.46102905273
5050.0 1.2412071228
5050.0 1.11508369446
5050.0 1.36804580688
5050.0 1.12009048462
5050.0 1.11103057861
5050.0 11.8970870972
5050.0 1.20687484741
5050.0 1.14893913269
5050.0 1.12414360046
5050.0 1.10983848572
5050.0 1.10721588135
5050.0 1.21903419495
5039.0 2.8600692749
5039.0 1.33800506592
5031.0 3.57294082642
5022.0 2.98714637756
4999.0 2.75683403015
4999.0 1.17111206055
4999.0 1.15895271301
4999.0 1.30105018616
4973.0 2.80714035034
4973.0 1.2788772583
4962.0 3.36003303528
4962.0 1.23691558838
4962.0 1.14893913269
4962.0 1.11508369446
4962.0 1.37400627136
4962.0 1.16801261902
4962.0 1.17993354797
4962.0 1.20711326599
4962.0 1.11889839172
4958.0 3.01313400269
4941.0 3.43894958496
4941.0 1.3279914856
4941.0 1.24502182007
4941.0 1.16086006165
4934.0 0.00214576721191
4934.0 1.1830329895
4934.0 1.14107131958
4934.0 1.1260509491
4919.0 2.85220146179
4918.0 2.96401977539
4918.0 1.73592567444
4918.0 1.29199028015
4914.0 2.90298461914
4914.0 1.13010406494
4879.0 2.81190872192
4869.0 2.74991989136
4869.0 1.19590759277
4869.0 1.26314163208
4869.0 1.21188163757
4869.0 1.72805786133
4869.0 0.00119209289551
4869.0 1.1990070343
4840.0 2.90393829346
4840.0 1.18494033813
4820.0 2.68983840942
4817.0 2.97498703003
4817.0 1.28102302551
4817.0 1.15489959717
4817.0 1.20186805725
4817.0 1.51085853577
4817.0 1.18398666382
4804.0 2.90703773499
4801.0 3.01694869995
4801.0 1.13010406494
4794.0 2.72297859192
4794.0 1.34515762329
4789.0 3.05104255676
4789.0 1.33180618286
4789.0 1.14297866821
4789.0 1.32894515991
4785.0 2.95090675354
4785.0 1.19686126709
4767.0 14.1518115997
4767.0 1.13821029663
4765.0 2.71511077881
4765.0 1.1670589447
4765.0 1.25980377197
4765.0 0.000953674316406
4765.0 1.20496749878
4765.0 1.12104415894
4763.0 3.36098670959
4749.0 2.87985801697
4749.0 1.12700462341
4744.0 2.7129650116
4744.0 1.3599395752
4744.0 1.13201141357
4731.0 2.96878814697
4731.0 1.14512443542
4731.0 1.38401985168
4731.0 1.2629032135
4730.0 2.87795066833
4730.0 0.000953674316406
4728.0 2.91705131531
4723.0 2.72011756897
4723.0 1.13797187805
4723.0 1.64318084717
4699.0 2.8510093689
4699.0 1.18088722229
4699.0 1.13201141357
4699.0 1.33800506592
4699.0 1.43694877625
4699.0 1.35111808777
4699.0 1.13010406494
4699.0 1.13105773926
4699.0 1.11484527588
4699.0 1.16395950317
4699.0 1.1510848999
4688.0 2.89011001587
4680.0 2.98094749451
4680.0 1.12390518188
4667.0 2.73418426514
4664.0 2.69603729248
4660.0 2.69603729248
4660.0 1.12509727478
4642.0 3.6461353302
4642.0 1.28507614136
4642.0 1.11699104309
4642.0 1.14011764526
4642.0 1.41406059265
4634.0 2.92897224426
4632.0 2.80594825745
4618.0 2.71487236023
4618.0 1.13701820374
4616.0 2.79784202576
4609.0 2.72917747498
4609.0 1.11413002014
4599.0 2.74586677551
4599.0 1.16300582886
4599.0 1.14011764526
4599.0 1.16086006165
4594.0 2.69985198975
4594.0 1.12891197205
4586.0 2.7289390564
4579.0 2.75683403015
4579.0 1.1351108551
4579.0 1.14822387695
4579.0 1.1088848114
4579.0 1.10197067261
4579.0 1.11508369446
4558.0 2.72583961487
4558.0 1.12199783325
4558.0 1.2218952179
4558.0 1.14893913269
4558.0 1.16205215454
4541.0 2.72703170776
4541.0 1.1510848999
4541.0 11.1110210419
4541.0 1.22594833374
4541.0 1.17897987366
4541.0 1.12295150757
4541.0 1.15489959717
4541.0 1.1510848999
4539.0 2.9718875885
4539.0 1.1990070343
4539.0 1.16896629333
4524.0 2.8178691864
4503.0 2.74682044983
4478.0 2.74014472961
4478.0 1.22213363647
4478.0 1.18184089661
4459.0 2.82406806946
4459.0 1.14798545837
4459.0 1.15299224854
4459.0 1.13892555237
4459.0 1.18803977966
4452.0 2.77495384216
4450.0 2.73299217224
4450.0 1.19709968567
4450.0 1.14798545837
4449.0 2.76398658752
4449.0 1.2149810791
4449.0 1.12891197205
4449.0 1.16300582886
4417.0 2.73990631104
4417.0 1.16395950317
4417.0 1.17182731628
4417.0 1.24001502991
4417.0 1.14798545837
4417.0 1.17897987366
4417.0 1.14703178406
4417.0 1.1420249939
4417.0 1.1420249939
4417.0 1.1899471283
4417.0 1.15394592285
4405.0 2.77781486511
4405.0 1.1191368103
4405.0 1.12199783325
4405.0 1.14417076111
4405.0 1.19113922119
4405.0 1.14297866821
4405.0 1.14703178406
4405.0 1.14297866821
4404.0 2.80714035034
4404.0 1.14607810974
4404.0 1.19996070862
4404.0 1.11103057861
4404.0 1.13797187805
4404.0 1.13797187805
4404.0 1.15489959717
4404.0 1.16109848022
4404.0 1.20806694031
4404.0 1.13892555237
4398.0 2.78520584106
4394.0 2.7711391449
4394.0 1.16109848022
4394.0 1.14989280701
4394.0 1.17492675781
4394.0 1.11413002014
4394.0 1.13892555237
4394.0 1.14703178406
4394.0 1.14488601685
4394.0 1.15489959717
4394.0 1.28889083862
4394.0 11.94190979
4382.0 2.97713279724
4382.0 1.16801261902
4382.0 1.10816955566
4382.0 1.1248588562
4379.0 2.73895263672
4379.0 1.13892555237
4379.0 1.15084648132
4379.0 1.1351108551
4379.0 1.13797187805
4379.0 1.14917755127
4379.0 1.1088848114
4379.0 1.12819671631
4379.0 1.14798545837
4379.0 1.12104415894
4379.0 1.09815597534
4379.0 1.10387802124
4379.0 1.12891197205
4379.0 1.1351108551
4371.0 2.74109840393
4371.0 1.18803977966
4371.0 1.11889839172
4371.0 1.15394592285
4371.0 1.14011764526
4363.0 2.72583961487
4363.0 1.14583969116
4363.0 1.12390518188
4363.0 1.17897987366
4363.0 1.14989280701
4363.0 1.14107131958
4363.0 1.22690200806
4363.0 1.11603736877
4363.0 1.18112564087
4363.0 1.11413002014
4360.0 2.76780128479
4360.0 1.13105773926
4355.0 2.72488594055
4355.0 1.12009048462
4352.0 2.74085998535
4352.0 1.16801261902
4352.0 1.15180015564
4352.0 1.12891197205
4343.0 2.75492668152
4337.0 2.7060508728
4334.0 2.89106369019
4334.0 1.15203857422
4334.0 1.12700462341
4320.0 2.73418426514
4320.0 1.13201141357
4320.0 1.11889839172
4320.0 1.12390518188
4320.0 1.15609169006
4320.0 1.14488601685
4320.0 1.10912322998
4316.0 3.52501869202
4316.0 1.44791603088
4316.0 1.16300582886
4316.0 1.17588043213
4316.0 1.16610527039
4316.0 1.13105773926
4316.0 1.15704536438
4316.0 1.12295150757
4308.0 2.97284126282
4305.0 2.73990631104
4298.0 2.7129650116
4267.0 2.7289390564
4267.0 1.13296508789
4267.0 1.11699104309
4267.0 1.22117996216
4267.0 1.11699104309
4267.0 1.16300582886
4267.0 1.12390518188
4267.0 11.3461017609
4262.0 3.15189361572
4262.0 1.16610527039
4255.0 2.76684761047
4255.0 1.15013122559
4255.0 1.13606452942
4240.0 3.1270980835
4240.0 1.13701820374
4240.0 1.17802619934
4240.0 1.46698951721
4240.0 1.27100944519
4240.0 1.15013122559
4240.0 1.17516517639
4240.0 1.15299224854
4239.0 3.09705734253
4239.0 1.14107131958
4239.0 1.15394592285
4239.0 1.1260509491
4239.0 1.23596191406
4239.0 1.11985206604
4239.0 1.2309551239
4239.0 1.4910697937
4239.0 1.23596191406
4239.0 1.15513801575
4239.0 1.29508972168
4217.0 2.9079914093
4217.0 1.13201141357
4217.0 1.12986564636
4210.0 2.81310081482
4205.0 2.73084640503
4191.0 2.99286842346
4167.0 3.49617004395
4167.0 1.15704536438
4167.0 1.12009048462
4167.0 1.12009048462
4167.0 1.13701820374
4166.0 2.8989315033
4166.0 1.19996070862
4166.0 1.26385688782
4166.0 1.14607810974
4166.0 1.17206573486
4160.0 3.4658908844
4160.0 1.20902061462
4160.0 1.13701820374
4160.0 1.19209289551
4160.0 1.16109848022
4160.0 1.23596191406
4160.0 1.25789642334
4160.0 1.18494033813
4160.0 1.12700462341
4160.0 1.11484527588
4160.0 1.10602378845
4160.0 1.24001502991
4160.0 1.61004066467
4160.0 1.3210773468
4157.0 3.21793556213
4157.0 1.14393234253
4157.0 1.12676620483
4132.0 2.90703773499
4124.0 2.72703170776
4124.0 1.33585929871
4124.0 1.48010253906
4124.0 1.37591362
4123.0 2.9399394989
4119.0 2.7220249176
4118.0 0.000953674316406
4118.0 1.14703178406
4118.0 1.24096870422
4118.0 12.3860836029
4118.0 1.12199783325
4118.0 1.12795829773
4118.0 1.13487243652
4118.0 1.27482414246
4118.0 1.22880935669
4118.0 1.13201141357
4118.0 1.13892555237
4118.0 1.42598152161
4118.0 1.22499465942
4118.0 1.11699104309
4116.0 2.9239654541
4104.0 2.77304649353
4104.0 1.34491920471
4104.0 1.2149810791
4104.0 1.15013122559
4104.0 1.12795829773
4104.0 1.1510848999
4104.0 1.4660358429
4104.0 1.26910209656
4104.0 1.11794471741
4104.0 1.20115280151
4104.0 1.14107131958
4092.0 3.20601463318
4092.0 1.15084648132
4092.0 1.12819671631
4049.0 2.8088092804
4049.0 1.14297866821
4049.0 1.47891044617
4049.0 1.26791000366
4049.0 1.21212005615
4049.0 1.2640953064
4036.0 2.9239654541
4036.0 1.15299224854
4036.0 1.13010406494
4036.0 1.13701820374
4031.0 2.81715393066
4010.0 3.86714935303
4010.0 1.32203102112
4010.0 1.19400024414
3976.0 2.83598899841
3975.0 2.69913673401
3975.0 1.16491317749
3975.0 1.22308731079
3975.0 1.14297866821
3970.0 0.00214576721191
3970.0 1.21808052063
3970.0 1.26886367798
3955.0 3.41486930847
3955.0 1.1420249939
3955.0 1.16610527039
3945.0 2.7539730072
3945.0 1.12295150757
3945.0 1.39188766479
3945.0 1.21092796326
3938.0 2.83718109131
3938.0 1.51205062866
3936.0 3.10802459717
3936.0 1.13797187805
3933.0 2.85387039185
3910.0 2.83908843994
3910.0 1.13797187805
3890.0 2.83908843994
3890.0 1.27482414246
3878.0 3.44204902649
3878.0 1.37591362
3862.0 2.82979011536
3851.0 2.75611877441
3851.0 1.16205215454
3851.0 1.13606452942
3851.0 1.16491317749
3851.0 1.12104415894
3851.0 1.26886367798
3851.0 12.5720500946
3851.0 0.00190734863281
3851.0 1.40309333801
3851.0 1.17683410645
3844.0 3.6518573761
3844.0 1.14583969116
3844.0 1.10197067261
3844.0 1.19686126709
3844.0 1.12986564636
