298644.0 3137.35413551
298624.0 201.735973358
298605.0 366.384029388
298576.0 191.505908966
298576.0 262.576818466
298556.0 189.215898514
298498.0 192.286014557
298498.0 260.761976242
298498.0 86.7660045624
298485.0 363.317012787
298462.0 194.598197937
298448.0 381.148099899
298448.0 87.1148109436
298445.0 193.838119507
298442.0 374.552965164
298436.0 201.422929764
298436.0 284.204006195
298428.0 201.947927475
298428.0 293.395996094
298420.0 209.229946136
298420.0 279.677867889
298399.0 211.54999733
298399.0 324.990034103
298395.0 199.559926987
298395.0 92.0960903168
298373.0 366.644144058
298368.0 208.007097244
298368.0 288.487911224
298359.0 204.076051712
298350.0 375.155925751
298350.0 87.1429443359
298350.0 88.0761146545
298339.0 392.932891846
298333.0 262.615919113
298333.0 322.736024857
298298.0 210.72101593
298281.0 446.837902069
298265.0 202.517986298
298246.0 206.110954285
298229.0 456.319093704
298208.0 244.0969944
298189.0 417.740106583
298174.0 205.485105515
298166.0 381.028175354
298166.0 110.811948776
298165.0 382.292032242
298165.0 85.3219032288
298162.0 361.81807518
298154.0 193.984031677
298154.0 263.404130936
298134.0 196.104049683
298096.0 185.569047928
298096.0 253.77702713
298085.0 184.714078903
298021.0 393.131017685
297978.0 225.939035416
297978.0 283.648967743
297977.0 211.727142334
297977.0 102.138996124
297977.0 319.842100143
297925.0 205.785989761
297919.0 386.507987976
297919.0 105.890035629
297912.0 456.526994705
297912.0 108.280897141
297912.0 278.419971466
297912.0 87.58020401
297912.0 87.8410339355
297885.0 361.204147339
297885.0 86.198091507
297885.0 262.070894241
297885.0 90.409040451
297848.0 385.770082474
297848.0 87.653875351
297845.0 417.616844177
297845.0 86.1129760742
297806.0 189.694881439
297754.0 370.166063309
297754.0 86.69090271
297754.0 259.516000748
297700.0 191.599845886
297700.0 260.843038559
297691.0 193.618059158
297637.0 371.131181717
297614.0 196.708917618
297603.0 209.389925003
297594.0 441.843032837
297593.0 192.451953888
297593.0 258.975028992
297584.0 192.292928696
297580.0 382.699012756
297580.0 88.6161327362
297580.0 88.0868434906
297580.0 262.81785965
297567.0 204.088926315
297567.0 267.457962036
297567.0 89.4989967346
297566.0 373.095989227
297566.0 92.9698944092
297488.0 378.959178925
297488.0 94.7787761688
297465.0 372.798919678
297446.0 201.905965805
297441.0 386.291027069
297441.0 91.5820598602
297436.0 197.853088379
297435.0 374.51004982
297390.0 197.407960892
297390.0 267.463207245
297363.0 200.189113617
297335.0 374.918937683
297319.0 198.740959167
297312.0 193.811893463
297234.0 368.736028671
297229.0 196.027994156
297164.0 369.741916656
297164.0 92.3800468445
297144.0 372.676134109
297137.0 202.553987503
297137.0 270.184993744
297131.0 198.053836823
297131.0 93.2049751282
297131.0 263.698101044
297129.0 198.899030685
297117.0 378.849983215
297117.0 119.117975235
297115.0 402.120113373
297115.0 97.9950428009
297115.0 290.614843369
297115.0 97.5058078766
297042.0 306.653022766
297024.0 468.920946121
297024.0 104.517936707
297024.0 259.733915329
297024.0 90.6140804291
296995.0 363.881826401
296995.0 88.0360603333
296991.0 311.578035355
296991.0 68.3739185333
296948.0 146.028995514
296948.0 219.012022018
296948.0 69.1609382629
296917.0 297.6770401
296915.0 144.999980927
296915.0 222.939014435
296885.0 146.107912064
296885.0 69.2939758301
296885.0 219.928979874
296872.0 144.04797554
296872.0 219.681024551
296806.0 144.56486702
296749.0 297.580957413
296749.0 67.8739547729
296727.0 297.417879105
296710.0 144.269943237
296710.0 220.606803894
296710.0 67.8431987762
296627.0 301.371097565
296622.0 144.927978516
296622.0 69.2670345306
296610.0 296.377182007
296555.0 143.934011459
296555.0 222.920894623
296553.0 145.463943481
296538.0 292.885065079
296518.0 142.825126648
296506.0 143.826961517
296470.0 298.538923264
296458.0 147.37701416
296452.0 296.303987503
296414.0 144.330024719
296414.0 221.625089645
296414.0 69.1101551056
296414.0 222.583055496
296393.0 143.557071686
296393.0 67.8820610046
296393.0 218.383073807
296393.0 68.7119960785
296392.0 297.294855118
296389.0 144.313097
296382.0 299.317836761
296382.0 67.7180290222
296377.0 298.882961273
296377.0 68.4568881989
296353.0 146.079063416
296353.0 218.130111694
296353.0 67.3050880432
296353.0 220.876932144
296353.0 68.3500766754
296315.0 297.51086235
296308.0 145.581960678
296308.0 223.743915558
296295.0 143.754005432
296282.0 143.961906433
296282.0 220.280885696
296282.0 69.2429542542
296272.0 297.810077667
296272.0 68.0050849915
296264.0 298.34985733
296245.0 143.848896027
296245.0 67.7239894867
296245.0 216.809034348
296238.0 143.393039703
296226.0 296.019077301
296226.0 68.962097168
296142.0 295.064926147
296142.0 68.3450698853
296103.0 299.335002899
296073.0 144.501924515
296073.0 220.288038254
296073.0 68.4020519257
296073.0 218.389987946
296062.0 147.328853607
296062.0 68.1800842285
296031.0 292.559862137
296019.0 141.940832138
295998.0 298.049926758
295998.0 69.3869590759
295942.0 299.967050552
295942.0 68.0091381073
295937.0 143.513917923
295925.0 294.587135315
295873.0 143.686056137
295873.0 220.202922821
295786.0 143.957138062
295786.0 218.703985214
295786.0 68.2768821716
295781.0 296.497821808
295730.0 147.073030472
295730.0 68.1929588318
295730.0 214.538097382
295730.0 66.4281845093
295730.0 219.493865967
295719.0 143.937110901
295706.0 301.393985748
295706.0 68.794965744
295700.0 299.041032791
295700.0 69.0400600433
295700.0 68.2799816132
295700.0 218.814134598
295700.0 67.8019523621
295681.0 298.163890839
295675.0 144.107103348
295675.0 221.971035004
295664.0 144.23584938
295635.0 303.681135178
295635.0 68.2270526886
295626.0 144.804000854
295610.0 295.880794525
295586.0 153.627872467
295581.0 307.601928711
295557.0 161.591053009
295546.0 367.837190628
295546.0 76.9150257111
295546.0 78.3519744873
295527.0 418.193101883
295522.0 180.871009827
295492.0 330.075025558
295489.0 150.3469944
295477.0 310.229063034
295447.0 157.848119736
295406.0 320.128917694
295406.0 76.308965683
295395.0 310.276985168
295388.0 146.192073822
295377.0 343.002080917
295357.0 143.23091507
295338.0 145.280122757
295301.0 299.897909164
295292.0 150.535106659
295292.0 222.103834152
295292.0 75.0570297241
295292.0 355.498790741
295222.0 176.071166992
295222.0 70.3430175781
295222.0 222.616910934
295136.0 147.902011871
295101.0 298.77114296
295101.0 64.5718574524
295084.0 311.611175537
295084.0 78.1199932098
295084.0 242.672920227
295064.0 153.743982315
295064.0 67.291021347
295064.0 218.209981918
295064.0 68.8519477844
295021.0 310.1541996
294994.0 151.986837387
294978.0 310.77003479
294967.0 144.670009613
294929.0 306.083202362
294920.0 164.716005325
294920.0 70.328950882
294920.0 217.389822006
294904.0 145.091056824
294904.0 222.461938858
294904.0 70.8518028259
294904.0 220.157146454
294884.0 149.005889893
294884.0 224.977970123
294884.0 70.1551437378
294875.0 148.370027542
294875.0 226.140975952
294864.0 162.474155426
294864.0 261.355876923
294864.0 72.4561214447
294846.0 334.462881088
294778.0 174.962997437
294778.0 84.2189788818
294778.0 245.254993439
294727.0 136.322975159
294683.0 287.434101105
294667.0 142.436981201
294630.0 295.027971268
294590.0 143.115997314
294590.0 213.253974915
294554.0 151.512145996
294532.0 303.746938705
294511.0 139.403104782
294511.0 208.313941956
294511.0 63.7710094452
294511.0 70.3752040863
294500.0 309.881925583
294489.0 138.047218323
294489.0 253.261804581
294489.0 61.616897583
294479.0 286.824941635
294474.0 137.849092484
294456.0 134.786128998
294456.0 204.690933228
294423.0 134.411096573
294418.0 278.324127197
294397.0 135.640859604
294397.0 205.397844315
294397.0 60.8601570129
294397.0 210.446834564
294397.0 62.4458789825
294397.0 62.5650882721
294372.0 306.386947632
294357.0 174.571990967
294357.0 225.041151047
294347.0 149.152040482
294347.0 223.922014236
294347.0 68.8359737396
294306.0 306.63895607
294290.0 148.384094238
294281.0 149.399995804
294268.0 298.543930054
294268.0 70.494890213
294268.0 220.887184143
294230.0 149.460077286
294230.0 221.431970596
294219.0 149.235963821
294166.0 304.671049118
294155.0 144.974946976
294145.0 140.978813171
294111.0 296.197891235
294111.0 65.2799606323
294042.0 300.390005112
294042.0 64.6929740906
294042.0 223.99187088
294042.0 71.4981555939
294033.0 149.608135223
294033.0 213.793992996
293949.0 142.982006073
293899.0 291.137933731
293899.0 68.5131549835
293899.0 219.150066376
293852.0 149.720907211
293837.0 304.748058319
293837.0 69.8850154877
293837.0 225.969076157
293793.0 150.416135788
293793.0 223.212003708
293793.0 69.7162151337
293793.0 66.5209293365
293793.0 220.081090927
293788.0 146.369218826
293788.0 222.462177277
293788.0 69.4279670715
293788.0 227.382183075
293750.0 148.867845535
293702.0 148.339986801
293661.0 299.804925919
293657.0 145.196914673
293598.0 304.031848907
293593.0 151.015996933
293559.0 304.506063461
293539.0 149.582862854
293539.0 225.630044937
293539.0 70.6489086151
293502.0 150.699138641
293478.0 300.628900528
293478.0 69.9460506439
293478.0 222.904205322
293478.0 70.063829422
293474.0 304.322957993
293464.0 148.796081543
293458.0 305.58180809
293440.0 149.740934372
293440.0 70.2879428864
293434.0 299.71408844
293423.0 150.089979172
293423.0 224.570989609
293423.0 69.2050457001
293409.0 301.489830017
293409.0 70.4710483551
293409.0 227.264881134
293409.0 69.5908069611
293390.0 151.330947876
293390.0 224.372148514
293383.0 149.310112
293341.0 306.490898132
293341.0 70.4100131989
293338.0 312.732934952
293325.0 151.221990585
293319.0 149.051189423
293304.0 298.686027527
293289.0 148.463964462
293285.0 301.295042038
293278.0 149.474859238
293278.0 220.936059952
293278.0 71.9499588013
293270.0 303.838014603
293257.0 152.595043182
293237.0 303.678035736
293237.0 69.5180892944
293210.0 306.365966797
293195.0 150.605201721
293195.0 67.0850276947
293195.0 220.072984695
293189.0 149.375915527
293189.0 224.643945694
293189.0 70.1491832733
293189.0 227.417945862
293112.0 150.300979614
293085.0 147.842884064
293085.0 221.425056458
293075.0 149.950027466
293045.0 301.583051682
293045.0 72.7579593658
292994.0 308.418989182
292992.0 142.287015915
292992.0 225.291013718
292942.0 149.158000946
292942.0 71.2480545044
292942.0 217.449903488
292930.0 149.426937103
292930.0 225.750207901
292900.0 149.662017822
292827.0 303.388834
292827.0 69.5509910583
292827.0 227.435112
292796.0 142.160892487
292709.0 148.49114418
292709.0 221.768140793
292709.0 69.347858429
292699.0 305.047988892
292678.0 149.585962296
292673.0 305.894136429
292627.0 149.792194366
292619.0 306.805849075
292617.0 149.369001389
292617.0 69.1549777985
292607.0 301.688909531
292607.0 72.7241039276
292549.0 301.614999771
292522.0 150.322198868
292522.0 226.4149189
292462.0 151.80683136
292419.0 154.055118561
292419.0 217.519044876
292412.0 233.865022659
292412.0 248.049974442
292408.0 165.428876877
292408.0 253.316879272
292387.0 186.031103134
292387.0 221.168994904
292363.0 209.295988083
292363.0 244.496107101
292363.0 64.5871162415
292331.0 360.091924667
292331.0 85.5488777161
292331.0 79.5578956604
292311.0 346.724033356
292305.0 167.867898941
292305.0 262.192964554
292305.0 76.4241218567
292299.0 348.683834076
292270.0 162.873029709
292248.0 164.516210556
292248.0 254.956007004
292248.0 78.2880783081
292227.0 346.297979355
292227.0 76.4200687408
292219.0 340.86894989
292198.0 168.171167374
292102.0 355.02910614
292102.0 71.389913559
292102.0 76.4410495758
292102.0 250.154018402
292102.0 78.2799720764
292097.0 346.81391716
292097.0 78.2310962677
292079.0 346.925020218
292079.0 75.5829811096
292079.0 263.391017914
292055.0 169.684886932
292055.0 81.2871456146
292035.0 367.118120193
292023.0 218.864917755
292023.0 284.013986588
292017.0 174.078941345
292000.0 412.986040115
292000.0 89.7419452667
292000.0 313.239097595
292000.0 83.4801197052
292000.0 82.1290016174
292000.0 267.144918442
291994.0 192.05904007
291994.0 253.19480896
291994.0 80.4738998413
291991.0 373.755931854
291991.0 87.9600048065
291966.0 171.939134598
291953.0 339.36715126
291953.0 65.8640861511
291936.0 329.460144043
291933.0 165.366888046
291933.0 247.864961624
291870.0 176.870107651
291870.0 260.295152664
291858.0 175.318002701
291858.0 263.417005539
291858.0 89.9529457092
291858.0 254.414081573
291858.0 79.852104187
291801.0 164.309024811
291801.0 245.08190155
291788.0 174.034118652
291761.0 346.658945084
291760.0 164.99710083
291760.0 245.156049728
291760.0 77.6319503784
291760.0 87.5809192657
291754.0 404.460906982
291754.0 83.545923233
291718.0 326.168060303
291711.0 152.167081833
291704.0 307.204961777
291704.0 67.1789646149
291704.0 227.421045303
291704.0 71.6540813446
291692.0 153.902053833
291643.0 318.918943405
291640.0 151.799917221
291640.0 229.273080826
291640.0 71.3798999786
291640.0 234.054088593
291633.0 150.102138519
291633.0 233.645200729
291607.0 150.52819252
291589.0 144.328117371
291589.0 227.478981018
291589.0 76.709985733
291589.0 232.712984085
291588.0 144.282102585
291565.0 350.136041641
291514.0 205.796003342
291512.0 385.835886002
291494.0 154.378890991
291482.0 159.543991089
291476.0 329.180002213
291476.0 75.0119686127
291459.0 361.959934235
291459.0 69.7021484375
291459.0 237.437009811
291445.0 155.148029327
291445.0 72.6418495178
291445.0 240.692138672
291445.0 66.1709308624
291429.0 306.334972382
291429.0 68.3801174164
291429.0 226.127147675
291429.0 71.916103363
291429.0 232.244968414
291429.0 72.5138187408
291429.0 234.652042389
291429.0 69.0770149231
291429.0 236.261129379
291427.0 144.130945206
291411.0 143.93901825
291411.0 227.58102417
291392.0 152.586936951
291337.0 313.947200775
291333.0 145.010948181
291321.0 316.2150383
291320.0 157.139062881
291320.0 72.3810195923
291313.0 303.247928619
291313.0 70.2860355377
291313.0 249.263048172
291305.0 151.998996735
291244.0 348.214149475
291244.0 75.3040313721
291237.0 366.441965103
291227.0 195.315122604
291227.0 112.752914429
291184.0 391.242027283
291158.0 187.767982483
291142.0 297.535896301
291142.0 65.4788017273
291142.0 222.939968109
291132.0 147.469997406
291132.0 225.441932678
291132.0 68.1600570679
291123.0 143.284082413
291063.0 295.259952545
291040.0 176.420927048
291040.0 247.312068939
291040.0 67.8250789642
291040.0 295.205116272
291022.0 201.653003693
290992.0 328.596830368
290992.0 71.2368488312
290992.0 74.2681026459
290992.0 236.159086227
290989.0 164.089918137
290974.0 313.66610527
290974.0 69.4258213043
290962.0 310.37902832
290950.0 147.745132446
290950.0 67.9819583893
290948.0 303.941011429
290948.0 73.5418796539
290948.0 275.429964066
290948.0 117.938041687
290948.0 354.161977768
290948.0 88.0680084229
290948.0 254.314899445
290907.0 174.852132797
290894.0 419.961929321
290894.0 91.6559696198
290891.0 341.923952103
290840.0 159.932136536
290840.0 74.7652053833
290838.0 337.866067886
290838.0 71.5141296387
290838.0 246.404886246
290805.0 163.820981979
290780.0 347.708940506
290780.0 71.445941925
290780.0 70.6341266632
290780.0 243.970870972
290780.0 73.9991664886
290780.0 249.788999557
290766.0 158.493041992
290762.0 333.507061005
290710.0 158.987998962
290701.0 344.746828079
290701.0 80.1858901978
290698.0 151.529073715
290651.0 322.318077087
290651.0 78.2768726349
290643.0 326.221942902
290643.0 64.7170543671
290643.0 216.462135315
290624.0 138.027906418
290624.0 223.404169083
290624.0 68.6450004578
290571.0 145.808935165
290558.0 294.728040695
290558.0 69.9708461761
290558.0 243.387937546
290558.0 68.4299468994
290558.0 235.211133957
290497.0 149.924039841
290485.0 318.058013916
290473.0 148.953914642
290467.0 165.416002274
290467.0 239.624977112
290442.0 157.705068588
290439.0 337.912797928
290431.0 229.673147202
290424.0 350.890159607
290424.0 67.7649974823
290401.0 148.924827576
290393.0 315.59419632
290390.0 184.993028641
290349.0 316.718101501
290316.0 149.930000305
290316.0 318.125963211
290316.0 88.5939598083
290240.0 341.346979141
290237.0 154.972076416
290176.0 358.623027802
290162.0 172.273159027
290152.0 464.564085007
290147.0 148.666858673
290120.0 146.918058395
290120.0 227.54406929
290111.0 245.688915253
290079.0 424.915075302
290079.0 84.4130516052
290066.0 320.065021515
290055.0 152.07195282
290055.0 64.749956131
290055.0 234.654903412
290055.0 67.1951770782
290055.0 231.485128403
290055.0 83.0729007721
290055.0 241.570949554
290035.0 154.155015945
289989.0 373.944997787
289989.0 99.7679233551
289989.0 78.0901908875
289989.0 272.392034531
289988.0 180.139064789
289988.0 255.038022995
289967.0 186.677932739
289945.0 373.122930527
289935.0 175.238132477
289906.0 321.947097778
289859.0 205.552101135
289859.0 97.9201793671
289853.0 362.326860428
289853.0 84.6979618073
289853.0 249.69792366
289834.0 142.758846283
289834.0 226.384162903
289834.0 68.6600208282
289808.0 299.883842468
289801.0 146.700143814
289788.0 142.752170563
289788.0 226.603984833
289777.0 143.943071365
289755.0 363.802194595
289755.0 80.2948474884
289742.0 327.356100082
289742.0 64.6560192108
289742.0 64.9600028992
289692.0 337.980985641
289692.0 64.3920898438
289685.0 333.608150482
289685.0 67.6960945129
289685.0 240.636110306
289685.0 69.7848796844
289685.0 263.341188431
289685.0 80.2879333496
289685.0 305.022001266
289666.0 162.458896637
289647.0 314.002990723
289647.0 75.3040313721
289647.0 72.4170207977
289647.0 227.975845337
289647.0 71.4430809021
289647.0 227.730989456
289647.0 67.0328140259
289623.0 301.635026932
289622.0 185.525894165
289622.0 86.7819786072
289618.0 361.368894577
289618.0 63.7359619141
289606.0 296.51093483
289606.0 72.2060203552
289606.0 284.957885742
289598.0 160.398006439
289561.0 312.19792366
289493.0 151.61895752
289484.0 152.046918869
289484.0 220.906972885
289477.0 146.753072739
289461.0 316.733121872
289461.0 69.6651935577
289461.0 223.331928253
289461.0 65.2010440826
289461.0 230.392932892
289461.0 98.0470180511
289461.0 96.1101055145
289458.0 367.751836777
289458.0 71.2380409241
289433.0 312.190055847
289433.0 73.7030506134
289433.0 227.113008499
289433.0 72.4539756775
289411.0 316.692113876
289411.0 63.9770030975
289406.0 142.050027847
289361.0 304.145097733
289361.0 74.6879577637
289361.0 225.947856903
289328.0 147.336006165
289328.0 223.783016205
289328.0 65.0119781494
289328.0 78.6719322205
289301.0 397.207021713
289301.0 74.059009552
289301.0 216.869115829
289273.0 142.169952393
289273.0 224.958896637
289273.0 69.4110393524
289273.0 282.086849213
289273.0 97.1481800079
289261.0 357.040882111
289261.0 66.5190219879
289261.0 225.621938705
289250.0 141.795158386
289250.0 64.4459724426
289250.0 226.853847504
289228.0 141.695976257
289228.0 225.663900375
289186.0 140.455961227
289186.0 217.60392189
289186.0 63.7221336365
289177.0 138.2791996
289113.0 291.078090668
289070.0 137.982845306
289046.0 290.833950043
289046.0 64.6369457245
289045.0 291.954040527
289045.0 63.9090538025
289040.0 299.848079681
289009.0 145.434856415
289000.0 146.996974945
289000.0 226.278066635
288965.0 151.615142822
288961.0 297.821044922
288953.0 170.240163803
288953.0 260.770082474
288953.0 87.9909992218
288946.0 412.544965744
288946.0 99.3669033051
288946.0 102.230072021
288940.0 420.162200928
288940.0 98.1378555298
288928.0 418.787002563
288922.0 224.847078323
288922.0 297.878980637
288895.0 225.780963898
288883.0 417.553901672
288879.0 219.746112823
288879.0 106.57286644
288879.0 294.17014122
288843.0 225.542068481
288773.0 421.408891678
288773.0 100.41809082
288773.0 299.144983292
288773.0 103.430986404
288773.0 103.243112564
288734.0 435.448169708
288728.0 228.698015213
288728.0 325.324058533
288728.0 104.193925858
288679.0 419.991970062
288679.0 100.901842117
288643.0 421.947002411
288643.0 103.30080986
288643.0 297.852039337
288595.0 225.620031357
288552.0 424.509048462
288522.0 225.89802742
288513.0 223.968982697
288510.0 421.068906784
288510.0 101.180076599
288510.0 297.308206558
288508.0 230.012178421
288496.0 428.61700058
288492.0 243.330955505
288492.0 101.599931717
288479.0 455.543041229
288479.0 110.733032227
288479.0 355.370044708
288479.0 99.5969772339
288479.0 297.771930695
288438.0 224.786043167
288438.0 299.797773361
288438.0 102.825880051
288437.0 255.801916122
288437.0 320.199012756
288388.0 234.184026718
288382.0 426.648855209
288371.0 231.007814407
288343.0 479.645967484
288343.0 108.965873718
288343.0 329.952001572
288343.0 113.502025604
288343.0 118.921995163
288311.0 550.633192062
288305.0 266.304016113
288305.0 371.587991714
288270.0 267.300128937
288235.0 475.44503212
288228.0 223.918914795
288228.0 302.047967911
288223.0 225.868940353
288223.0 104.629039764
288205.0 436.479091644
288202.0 224.053144455
288193.0 433.266878128
288114.0 220.092058182
288114.0 299.365997314
288111.0 219.661951065
288111.0 99.781036377
288106.0 429.636001587
288106.0 102.999925613
288106.0 303.761959076
288102.0 224.149942398
288102.0 319.986820221
288081.0 264.712095261
288081.0 333.197832108
288081.0 149.752140045
288067.0 472.718000412
288067.0 131.783008575
288067.0 412.935018539
288062.0 280.085086823
288055.0 260.998010635
288053.0 493.971824646
288009.0 267.119884491
288009.0 432.924985886
288006.0 256.808042526
288006.0 385.566949844
288006.0 111.413955688
287976.0 246.306180954
287976.0 332.870006561
287976.0 102.009057999
287976.0 301.259994507
287976.0 103.032112122
287952.0 467.062950134
287921.0 229.178905487
287921.0 309.372901917
287841.0 240.170001984
287828.0 225.336074829
287823.0 413.788080215
287823.0 98.4871387482
287794.0 428.689956665
287794.0 99.4679927826
287794.0 298.950195312
287794.0 99.4439125061
287757.0 422.424077988
287757.0 102.735042572
287757.0 102.988958359
287757.0 292.896986008
287675.0 227.202177048
287633.0 416.289806366
287613.0 221.863031387
287570.0 423.736095428
287569.0 230.505943298
287569.0 325.998067856
287569.0 104.10118103
287569.0 104.8579216
287569.0 326.492071152
287569.0 102.742195129
287549.0 430.065155029
287549.0 103.708982468
287549.0 300.585985184
287549.0 102.983951569
287528.0 236.229896545
287475.0 432.883024216
287462.0 236.0060215
287462.0 306.502103806
287444.0 228.180885315
287435.0 657.647132874
287378.0 416.77904129
287378.0 499.584913254
287378.0 187.309026718
287346.0 572.63302803
287310.0 300.707817078
287237.0 509.725093842
287213.0 278.189182281
287176.0 255.925893784
287176.0 336.908102036
287173.0 409.770011902
287173.0 444.609880447
287173.0 130.084991455
287101.0 556.357860565
287076.0 345.407009125
287066.0 244.575977325
287062.0 468.65105629
287061.0 249.299049377
287061.0 343.493938446
287048.0 296.352148056
287048.0 323.326826096
287024.0 241.152048111
287024.0 333.338022232
286978.0 247.167825699
286972.0 247.718095779
286949.0 476.894140244
286906.0 260.691165924
286906.0 332.307100296
286906.0 108.807086945
286898.0 477.747917175
286898.0 107.196092606
286898.0 349.188089371
286898.0 109.269857407
286898.0 117.964982986
286894.0 470.152139664
286878.0 255.384922028
286878.0 337.326049805
286871.0 254.698991776
286871.0 340.800046921
286871.0 107.02085495
