1193154.0 21351.7279625
1193142.0 526.533126831
1193121.0 540.920972824
1193077.0 529.824018478
1193075.0 2543.57910156
1193070.0 537.857055664
1193062.0 532.252073288
1193039.0 533.648014069
1193039.0 257.563829422
1193036.0 529.415130615
1193036.0 261.900186539
1193006.0 2571.26498222
1193006.0 259.489059448
1193000.0 554.355144501
1192998.0 552.4289608
1192970.0 528.070926666
1192969.0 535.284042358
1192969.0 2273.36812019
1192969.0 254.760980606
1192959.0 529.134988785
1192959.0 252.233982086
1192921.0 531.397819519
1192921.0 250.162124634
1192921.0 2266.9980526
1192921.0 284.733057022
1192842.0 542.673826218
1192808.0 560.292959213
1192808.0 252.260923386
1192802.0 536.070108414
1192802.0 258.86297226
1192797.0 2538.1770134
1192797.0 252.94303894
1192786.0 534.436941147
1192784.0 534.994125366
1192765.0 531.921863556
1192765.0 254.218816757
1192747.0 2549.95107651
1192725.0 531.184196472
1192725.0 255.126953125
1192718.0 535.290956497
1192687.0 530.735015869
1192658.0 532.278060913
1192637.0 2544.81291771
1192582.0 531.834840775
1192582.0 251.38092041
1192543.0 530.738115311
1192537.0 533.961057663
1192497.0 528.491973877
1192490.0 534.34419632
1192490.0 2264.60886002
1192473.0 537.674188614
1192473.0 260.814905167
1192473.0 257.592916489
1192453.0 529.867172241
1192442.0 536.526203156
1192442.0 2265.36917686
1192442.0 258.548021317
1192442.0 255.655050278
1192442.0 251.181125641
1192442.0 253.071069717
1192382.0 533.118963242
1192382.0 259.485960007
1192382.0 2252.49004364
1192364.0 535.588026047
1192364.0 260.169029236
1192358.0 540.898084641
1192314.0 532.727003098
1192314.0 254.065990448
1192262.0 2571.34985924
1192262.0 255.383014679
1192237.0 541.93687439
1192237.0 255.190134048
1192228.0 548.426151276
1192228.0 266.394853592
1192215.0 2643.48816872
1192215.0 265.655994415
1192188.0 533.47492218
1192188.0 254.919052124
1192188.0 253.566026688
1192188.0 259.006023407
1192181.0 2545.00508308
1192181.0 259.905099869
1192167.0 540.95697403
1192162.0 530.929088593
1192162.0 253.026008606
1192147.0 532.564878464
1192116.0 533.648967743
1192116.0 2258.36896896
1192116.0 264.039039612
1192107.0 540.122032166
1192107.0 262.397050858
1192102.0 532.726049423
1192080.0 540.093898773
1192080.0 2261.34395599
1192021.0 534.388065338
1192021.0 257.77888298
1192021.0 255.826950073
1192003.0 534.892082214
1191987.0 535.696983337
1191986.0 2553.26199532
1191986.0 254.291057587
1191980.0 534.621953964
1191930.0 542.485952377
1191907.0 533.845186234
1191880.0 535.707950592
1191871.0 543.594837189
1191842.0 2540.97485542
1191839.0 543.597221375
1191839.0 254.248857498
1191839.0 254.307985306
1191814.0 541.31603241
1191810.0 548.295021057
1191806.0 2548.37918282
1191798.0 541.389942169
1191791.0 536.262989044
1191791.0 256.376981735
1191791.0 253.244876862
1191791.0 252.921104431
1191785.0 2543.06483269
1191785.0 253.327131271
1191785.0 260.914087296
1191773.0 536.073923111
1191773.0 251.563072205
1191755.0 531.602144241
1191736.0 2548.79403114
1191736.0 256.415843964
1191700.0 531.265974045
1191700.0 255.486011505
1191700.0 259.513139725
1191700.0 254.504919052
1191642.0 540.202856064
1191624.0 2539.66403008
1191624.0 254.199028015
1191624.0 255.624055862
1191624.0 256.3560009
1191624.0 257.447957993
1191624.0 256.171941757
1191623.0 2541.99194908
1191623.0 256.721973419
1191563.0 532.757997513
1191563.0 252.109050751
1191563.0 256.322145462
1191563.0 262.939929962
1191545.0 2558.19797516
1191545.0 261.260986328
1191532.0 533.06889534
1191503.0 536.75699234
1191477.0 530.920982361
1191463.0 539.700031281
1191395.0 532.678127289
1191395.0 2266.7889595
1191375.0 539.497852325
1191375.0 257.807016373
1191369.0 532.561063766
1191369.0 253.965139389
1191369.0 257.195949554
1191369.0 2275.72393417
1191362.0 533.961057663
1191342.0 530.404090881
1191340.0 532.815933228
1191306.0 528.792142868
1191299.0 534.451007843
1191299.0 253.3390522
1191297.0 2545.66121101
1191297.0 258.110046387
1191211.0 537.571907043
1191135.0 540.683984756
1191115.0 552.233934402
1191055.0 530.788183212
1191046.0 2544.42501068
1190973.0 543.515205383
1190973.0 262.66002655
1190964.0 534.120082855
1190964.0 258.778095245
1190956.0 531.242132187
1190956.0 2264.28294182
1190944.0 537.508964539
1190934.0 539.22700882
1190934.0 258.01897049
1190892.0 531.590938568
1190874.0 531.254053116
1190874.0 2272.52101898
1190868.0 532.707929611
1190868.0 258.10790062
1190822.0 535.529136658
1190801.0 534.157991409
1190801.0 252.323150635
1190801.0 254.555940628
1190801.0 2254.4939518
1190787.0 544.96216774
1190787.0 263.346195221
1190787.0 252.120018005
1190733.0 531.539916992
1190703.0 532.396793365
1190703.0 2257.6379776
1190703.0 255.391120911
1190684.0 529.954195023
1190684.0 256.586074829
1190684.0 253.525972366
1190627.0 532.218933105
1190624.0 2543.53809357
1190624.0 251.647949219
1190602.0 538.91992569
1190590.0 533.354043961
1190590.0 255.679130554
1190573.0 532.627105713
1190573.0 2276.15594864
1190563.0 541.57781601
1190563.0 259.093046188
1190551.0 539.486885071
1190528.0 539.555072784
1190528.0 261.602878571
1190528.0 260.096073151
1190528.0 2263.54598999
1190508.0 533.849954605
1190485.0 538.465023041
1190466.0 538.935899734
1190466.0 255.059957504
1190436.0 543.591022491
1190436.0 2261.85798645
1190434.0 537.702083588
1190396.0 533.812999725
1190396.0 258.121967316
1190396.0 254.175186157
1190366.0 534.21497345
1190322.0 2546.92411423
1190322.0 251.736164093
1190312.0 536.772966385
1190304.0 532.154083252
1190304.0 257.01713562
1190304.0 255.747079849
1190304.0 254.65297699
1190304.0 2258.67509842
1190290.0 539.64304924
1190290.0 253.004074097
1190290.0 258.465051651
1190228.0 531.569957733
1190226.0 531.44288063
1190226.0 2265.60497284
1190226.0 257.416009903
1190226.0 254.330873489
1190223.0 531.306028366
1190222.0 533.941030502
1190222.0 253.44991684
1190217.0 2539.33310509
1190167.0 549.422979355
1190163.0 533.906936646
1190124.0 529.484033585
1190083.0 531.82387352
1190053.0 539.453029633
1190048.0 2543.78819466
1189977.0 537.501811981
1189961.0 537.401914597
1189961.0 256.165981293
1189961.0 256.324052811
1189900.0 532.814979553
1189826.0 534.245014191
1189802.0 2540.42005539
1189787.0 539.282083511
1189735.0 533.428907394
1189735.0 256.40296936
1189720.0 532.541036606
1189720.0 261.011123657
1189718.0 2538.33603859
1189713.0 532.375097275
1189705.0 533.881902695
1189657.0 531.491041183
1189648.0 531.541109085
1189616.0 534.130096436
1189616.0 2262.76898384
1189616.0 256.932973862
1189589.0 532.591104507
1189589.0 251.684188843
1189583.0 535.891056061
1189583.0 259.080886841
1189583.0 2266.60013199
1189532.0 532.896995544
1189508.0 535.025119781
1189508.0 259.599924088
1189507.0 536.09085083
1189507.0 255.360126495
1189487.0 536.082983017
1189474.0 2530.88879585
1189474.0 255.72013855
1189473.0 532.871961594
1189473.0 258.31580162
1189448.0 538.93494606
1189427.0 529.153108597
1189401.0 2537.15395927
1189396.0 532.713890076
1189380.0 538.805007935
1189368.0 534.607887268
1189368.0 258.317947388
1189368.0 259.876966476
1189331.0 2541.06998444
1189331.0 258.591890335
1189323.0 531.68296814
1189323.0 256.381034851
1189300.0 533.51187706
1189300.0 257.897138596
1189300.0 2274.65391159
1189292.0 537.744998932
1189292.0 253.440141678
1189280.0 531.877040863
1189280.0 252.866983414
1189277.0 533.015966415
1189277.0 263.705968857
1189244.0 2532.20295906
1189244.0 254.723072052
1189244.0 255.263090134
1189202.0 534.613132477
1189184.0 533.822059631
1189184.0 256.782054901
1189163.0 2535.46786308
1189105.0 539.484977722
1189105.0 265.507936478
1189016.0 533.114910126
1188985.0 531.299829483
1188925.0 531.767129898
1188925.0 2255.163908
1188925.0 254.603147507
1188920.0 541.182994843
1188899.0 533.228158951
1188888.0 531.962156296
1188876.0 530.27677536
1188876.0 2261.87801361
1188868.0 531.641960144
1188868.0 254.995107651
1188868.0 253.696918488
1188868.0 254.907846451
1188849.0 535.934925079
1188849.0 253.054141998
1188827.0 2534.75809097
1188772.0 530.122041702
1188756.0 532.860994339
1188731.0 549.426078796
1188731.0 257.071018219
1188731.0 254.240989685
1188726.0 2538.54084015
1188726.0 254.518985748
1188699.0 532.294034958
1188699.0 257.734775543
1188699.0 254.417181015
1188699.0 253.574132919
1188699.0 2271.13604546
1188659.0 536.782026291
1188603.0 531.064033508
1188591.0 539.775848389
1188591.0 261.083126068
1188591.0 258.634090424
1188591.0 2268.24617386
1188552.0 536.436080933
1188546.0 540.556907654
1188546.0 264.2390728
1188546.0 256.577968597
1188533.0 532.717943192
1188502.0 535.706043243
1188462.0 2538.33508492
1188444.0 535.798072815
1188423.0 533.396959305
1188423.0 255.743980408
1188423.0 256.407022476
1188400.0 535.822153091
1188400.0 2269.23203468
1188376.0 534.440994263
1188335.0 542.209863663
1188335.0 256.92987442
1188335.0 257.978200912
1188305.0 531.446933746
1188305.0 2265.31100273
1188305.0 256.061077118
1188305.0 255.262136459
1188239.0 537.20498085
1188239.0 255.836963654
1188239.0 254.481077194
1188239.0 2261.58213615
1188239.0 255.378007889
1188230.0 538.412094116
1188230.0 257.160902023
1188230.0 264.313936234
1188230.0 261.458873749
1188230.0 259.216070175
1188204.0 2545.72105408
1188204.0 260.731935501
1188204.0 255.46503067
1188179.0 533.574104309
1188149.0 536.950111389
1188129.0 530.778884888
1188079.0 2536.89694405
1188079.0 257.076978683
1188046.0 537.541151047
1188021.0 538.242816925
1187983.0 542.994976044
1187963.0 529.248952866
1187963.0 2279.02412415
1187963.0 298.179864883
1187949.0 538.727045059
1187911.0 535.98690033
1187911.0 252.393960953
1187911.0 255.77712059
1187895.0 2542.68503189
1187894.0 536.689996719
1187887.0 552.636861801
1187887.0 263.329982758
1187887.0 258.833169937
1187871.0 531.409025192
1187836.0 541.119098663
1187827.0 2533.62417221
1187827.0 256.492137909
1187824.0 531.126976013
1187817.0 533.909797668
1187788.0 536.525964737
1187776.0 529.952049255
1187776.0 2263.71717453
1187736.0 537.399053574
1187730.0 534.871101379
1187730.0 258.462905884
1187730.0 252.192974091
1187715.0 532.402992249
1187712.0 2541.80216789
1187712.0 252.022027969
1187712.0 253.933906555
1187712.0 252.613067627
1187712.0 259.526968002
1187700.0 545.741081238
1187700.0 2264.19401169
1187684.0 539.81089592
1187664.0 537.67991066
1187664.0 256.494045258
1187664.0 254.954099655
1187658.0 537.435054779
1187652.0 533.122062683
1187652.0 2260.88500023
1187618.0 533.974170685
1187618.0 253.566026688
1187618.0 256.280899048
1187618.0 262.797117233
1187594.0 532.637834549
1187582.0 2536.84806824
1187542.0 529.622077942
1187532.0 535.751104355
1187523.0 534.883975983
1187523.0 263.17191124
1187523.0 255.275011063
1187439.0 2542.87791252
1187439.0 252.140045166
1187439.0 254.20999527
1187419.0 531.501054764
1187419.0 262.628793716
1187349.0 533.773899078
1187349.0 2269.72699165
1187335.0 538.907051086
1187335.0 257.241010666
1187335.0 258.305072784
1187311.0 539.906978607
1187311.0 254.718065262
1187300.0 535.034894943
1187293.0 2537.68086433
1187233.0 534.441947937
1187233.0 254.272937775
1187205.0 533.185958862
1187186.0 536.742210388
1187186.0 253.131151199
1187186.0 2256.1519146
1187163.0 532.46307373
1187163.0 256.241083145
1187148.0 540.365934372
1187104.0 535.25185585
1187104.0 257.13801384
1187010.0 2535.65382957
1187001.0 533.432006836
1187001.0 259.907960892
1187001.0 249.475002289
1187001.0 255.219936371
1186973.0 531.79693222
1186973.0 2278.27000618
1186973.0 253.522872925
1186964.0 536.880016327
1186956.0 535.490989685
1186956.0 252.524852753
1186956.0 255.452156067
1186925.0 531.388044357
1186925.0 2261.68990135
1186906.0 540.125131607
1186829.0 537.215948105
1186829.0 261.132001877
1186829.0 260.950088501
1186829.0 259.316921234
1186818.0 2540.07411003
1186805.0 532.746076584
1186770.0 533.426046371
1186770.0 255.106925964
1186761.0 536.335945129
1186746.0 536.343812943
1186746.0 2258.52203369
1186746.0 261.377096176
1186746.0 254.055976868
1186712.0 540.553092957
1186712.0 254.47010994
1186657.0 533.127069473
1186657.0 2267.22311974
1186657.0 255.025148392
1186657.0 259.325027466
1186656.0 535.311937332
1186622.0 535.186052322
1186622.0 255.1882267
1186622.0 255.264997482
1186622.0 2259.08207893
1186589.0 542.188882828
1186575.0 533.940076828
1186575.0 253.619909286
1186575.0 255.121946335
1186569.0 532.212972641
1186568.0 2537.78409958
1186559.0 536.103010178
1186527.0 530.152082443
1186503.0 535.758018494
1186503.0 253.86595726
1186503.0 254.52709198
1186495.0 2541.25404358
1186495.0 258.899927139
1186491.0 534.395933151
1186476.0 532.201051712
1186476.0 254.513025284
1186476.0 0.0209808349609
1186430.0 525.539159775
1186430.0 2266.54291153
1186380.0 532.52696991
1186343.0 536.458969116
1186343.0 258.384227753
1186343.0 255.625009537
1186343.0 261.618852615
1186331.0 537.513971329
1186331.0 2251.21116638
1186331.0 261.855125427
1186308.0 535.065174103
1186308.0 257.702112198
1186281.0 539.045810699
1186281.0 255.018949509
1186273.0 2545.18795013
1186229.0 533.116817474
1186162.0 532.585144043
1186162.0 254.774093628
1186140.0 537.927865982
1186140.0 264.502048492
1186140.0 2257.39884377
1186140.0 255.987882614
1186138.0 531.991004944
1186049.0 529.378890991
1186049.0 253.227949142
1186049.0 255.785942078
1186049.0 2267.93503761
1185996.0 538.02895546
1185996.0 259.965896606
1185996.0 254.674911499
1185989.0 530.679225922
1185989.0 265.06114006
1185989.0 254.004955292
1185989.0 2256.62207603
1185989.0 256.453990936
1185989.0 254.460096359
1185989.0 260.715961456
1185957.0 537.46509552
1185957.0 255.234956741
1185957.0 2259.90319252
1185917.0 532.772064209
1185917.0 261.372089386
1185873.0 537.519931793
1185865.0 531.424045563
1185856.0 535.989046097
1185807.0 2542.45519638
1185754.0 532.388210297
1185747.0 530.230045319
1185686.0 532.929897308
1185655.0 535.38107872
1185592.0 530.827999115
1185592.0 2264.94479179
1185582.0 535.624027252
1185563.0 535.234928131
1185563.0 266.521930695
1185563.0 261.994838715
1185560.0 533.458948135
1185539.0 533.57219696
1185539.0 2257.82394409
1185506.0 535.631895065
1185506.0 257.832050323
1185506.0 256.229877472
1185473.0 539.915800095
1185473.0 257.215976715
1185464.0 2547.35207558
1185455.0 537.434101105
1185449.0 541.130065918
1185449.0 254.911899567
1185431.0 535.781860352
1185409.0 540.013790131
1185390.0 2534.32202339
1185390.0 254.22000885
1185386.0 533.113002777
1185386.0 251.398086548
1185380.0 543.054819107
1185380.0 255.56397438
1185380.0 2266.95108414
1185380.0 256.530046463
1185357.0 542.263031006
1185302.0 531.489133835
1185273.0 531.414985657
1185273.0 256.211042404
1185271.0 540.52400589
1185245.0 2547.38402367
1185237.0 531.177043915
1185237.0 255.886077881
1185237.0 260.270118713
1185237.0 255.661964417
1185237.0 254.300117493
1185237.0 2264.69612122
1185237.0 254.519939423
1185179.0 540.258169174
1185142.0 536.263942719
1185131.0 544.507026672
1185127.0 532.956838608
1185124.0 2542.48309135
1185124.0 256.346940994
1185117.0 548.552036285
1185096.0 537.971019745
1185096.0 255.941867828
1185096.0 253.741025925
1185096.0 2269.2899704
1185023.0 529.364109039
1185011.0 529.819965363
1185011.0 258.066177368
1185011.0 253.502845764
1184956.0 537.921190262
1184956.0 261.756896973
1184956.0 2259.23514366
1184942.0 537.379980087
1184942.0 263.26918602
1184942.0 256.752967834
1184937.0 532.550811768
1184935.0 533.991098404
1184935.0 2259.8760128
1184935.0 256.448984146
1184903.0 532.940149307
1184889.0 533.629179001
1184889.0 253.410816193
1184881.0 539.977073669
1184881.0 2262.31598854
1184874.0 537.867069244
1184860.0 541.483163834
1184860.0 252.984046936
1184860.0 253.478050232
1184818.0 536.268949509
1184818.0 2268.47195625
1184818.0 256.44993782
1184813.0 534.914970398
1184813.0 256.511926651
1184813.0 253.098964691
1184813.0 254.940986633
1184757.0 536.40794754
1184698.0 2537.94002533
1184673.0 540.944099426
1184673.0 253.91793251
1184636.0 531.059980392
1184604.0 539.273023605
1184604.0 255.54394722
1184596.0 2536.95082664
1184566.0 538.880825043
1184554.0 537.216186523
1184522.0 542.267799377
1184514.0 537.966966629
1184514.0 260.15496254
1184503.0 2541.83006287
1184448.0 535.140991211
1184448.0 253.143072128
1184448.0 252.476930618
1184448.0 262.708187103
1184448.0 254.333019257
1184448.0 2268.3930397
1184431.0 545.10807991
1184419.0 538.75207901
1184406.0 540.323019028
1184381.0 537.158966064
1184381.0 258.10790062
1184366.0 540.406942368
1184359.0 2545.03488541
1184349.0 547.070980072
1184349.0 253.132104874
1184337.0 538.796186447
1184331.0 538.865804672
1184331.0 250.49996376
1184290.0 2539.52598572
1184290.0 259.947061539
1184274.0 533.174037933
1184274.0 253.329992294
1184260.0 540.205955505
1184260.0 257.153987885
1184225.0 2552.77204514
1184221.0 535.022974014
1184194.0 535.314083099
1184145.0 546.476125717
1184107.0 543.451070786
1184107.0 252.954006195
1184102.0 2555.34601212
1184082.0 529.263019562
1184082.0 254.47511673
1184077.0 540.184020996
1184077.0 255.9030056
1184077.0 258.663892746
1184077.0 256.04891777
1184077.0 2264.11795616
1184077.0 255.68985939
1184029.0 534.9650383
1184000.0 530.694961548
1183991.0 534.742116928
1183953.0 534.656047821
1183953.0 2267.85993576
1183953.0 254.384040833
1183953.0 253.465890884
1183939.0 541.026115417
1183933.0 534.003019333
1183912.0 538.086891174
1183886.0 2534.70897675
1183886.0 256.177186966
1183886.0 253.80897522
1183886.0 251.46317482
1183886.0 253.173828125
1183886.0 253.834009171
1183886.0 2266.65115356
1183886.0 255.964994431
1183848.0 539.192914963
1183848.0 253.689050674
1183848.0 254.415035248
1183848.0 261.749982834
1183832.0 532.403945923
1183812.0 2545.73297501
1183812.0 254.674911499
1183804.0 537.580013275
1183804.0 253.254890442
1183800.0 529.486179352
1183800.0 256.151914597
1183800.0 2255.70297241
1183800.0 254.202127457
1183800.0 255.781888962
1183800.0 257.004976273
1183792.0 535.076856613
1183792.0 262.990951538
1183791.0 2555.63306808
1183791.0 261.005878448
1183748.0 539.794921875
1183748.0 252.749919891
1183748.0 252.987146378
1183744.0 531.033039093
1183744.0 2270.01810074
1183744.0 253.622055054
1183744.0 255.223035812
1183744.0 253.387928009
1183744.0 253.565788269
1183744.0 253.811836243
1183739.0 535.37106514
1183731.0 2534.26408768
1183731.0 256.69002533
1183720.0 541.385173798
1183702.0 535.732030869
1183702.0 254.35090065
1183702.0 261.347055435
1183662.0 2549.62205887
1183647.0 535.045862198
1183647.0 258.506059647
1183621.0 539.542913437
1183603.0 539.66999054
1183599.0 545.930147171
1183599.0 2263.9939785
1183587.0 532.157897949
1183524.0 532.706975937
1183524.0 250.508069992
1183524.0 254.719018936
1183524.0 255.10597229
1183524.0 2270.22695541
1183524.0 256.898164749
1183524.0 256.502866745
1183524.0 252.431869507
1183524.0 253.075122833
1183524.0 253.538131714
1183524.0 255.125045776
1183524.0 2256.52909279
1183472.0 538.611888885
1183472.0 261.922836304
1183472.0 251.388072968
1183472.0 255.312919617
1183440.0 543.155908585
1183440.0 2260.64896584
1183440.0 254.724025726
1183426.0 540.370941162
1183426.0 254.893064499
1183426.0 256.717920303
1183426.0 252.468109131
1183426.0 2261.68394089
1183426.0 255.795001984
1183426.0 255.138874054
1183400.0 535.880088806
1183397.0 532.946109772
1183397.0 260.127067566
1183321.0 2548.80404472
1183321.0 291.063070297
1183310.0 634.238958359
1183277.0 632.984876633
1183277.0 271.774053574
1183270.0 555.692911148
1183259.0 533.790826797
1183259.0 2283.43296051
1183227.0 547.955036163
1183153.0 556.287050247
1183108.0 547.796964645
1183108.0 297.31297493
1183108.0 262.86816597
1183108.0 2288.02680969
1183044.0 538.026094437
1183039.0 540.697813034
1183024.0 544.457912445
1183024.0 257.195949554
1183018.0 539.28899765
1183018.0 2279.22511101
1183010.0 541.742086411
1182979.0 538.892030716
1182954.0 540.662050247
1182954.0 257.849931717
1182916.0 542.577981949
1182916.0 2290.49086571
1182904.0 548.452138901
1182904.0 258.260011673
1182904.0 256.972074509
1182904.0 257.573843002
1182904.0 250.879049301
1182904.0 254.683017731
1182902.0 2597.8269577
1182891.0 552.145004272
1182880.0 552.891016006
1182880.0 262.59303093
1182880.0 256.17814064
1182879.0 550.817966461
1182840.0 2578.9680481
1182840.0 260.137081146
1182818.0 543.82610321
1182818.0 261.752128601
1182805.0 545.852899551
1182775.0 550.153017044
1182775.0 2286.80205345
1182775.0 278.753042221
1182735.0 552.140951157
1182710.0 547.388076782
1182710.0 259.036064148
1182710.0 262.64500618
1182710.0 2420.44091225
1182710.0 257.14802742
1182708.0 554.373979568
1182708.0 254.897117615
1182686.0 547.560930252
1182686.0 256.165981293
1182686.0 251.670122147
1182675.0 2531.75520897
1182675.0 255.480051041
1182590.0 549.760103226
1182556.0 559.669017792
1182540.0 554.930925369
1182518.0 550.265073776
1182518.0 2287.52493858
1182463.0 550.061941147
1182453.0 558.650970459
1182417.0 551.409959793
1182417.0 254.048109055
1182395.0 555.558919907
1182395.0 2293.3909893
1182395.0 259.382963181
1182341.0 551.863908768
1182341.0 266.544103622
1182325.0 553.008079529
1182325.0 253.99184227
1182289.0 2601.38201714
1182270.0 558.395147324
1182270.0 252.576112747
1182212.0 550.566911697
1182138.0 553.840875626
1182122.0 547.775030136
1182093.0 552.198886871
1182093.0 2287.46986389
1182093.0 253.87597084
1182093.0 259.706020355
1182093.0 260.61296463
1182031.0 548.505067825
1182031.0 259.490966797
1182031.0 2286.52000427
1182022.0 562.786102295
1182008.0 543.076992035
1181942.0 556.869029999
1181918.0 542.900800705
1181918.0 260.351896286
1181918.0 2325.25706291
1181892.0 560.837984085
1181872.0 550.41885376
1181830.0 549.443006516
1181805.0 547.162055969
1181805.0 254.189968109
1181758.0 2545.65501213
1181747.0 543.684005737
1181732.0 543.919086456
1181732.0 255.145072937
1181718.0 541.956186295
1181706.0 545.133829117
1181706.0 253.733158112
1181685.0 2527.8699398
1181685.0 258.736133575
1181685.0 253.141880035
1181666.0 540.770053864
1181666.0 254.431962967
1181666.0 253.7150383
1181656.0 2531.10003471
1181620.0 539.877176285
1181620.0 258.414030075
1181609.0 546.805858612
1181609.0 256.349086761
1181578.0 546.030044556
1181550.0 2532.75585175
1181495.0 547.092914581
1181492.0 543.446063995
1181492.0 252.982854843
1181492.0 256.343126297
1181488.0 541.876792908
1181488.0 2253.28993797
1181488.0 255.515098572
1181488.0 264.986991882
1181467.0 545.038938522
1181443.0 541.14985466
1181425.0 541.409015656
1181422.0 541.733026505
1181422.0 2243.74079704
1181422.0 252.950191498
1181412.0 549.382925034
1181408.0 540.973901749
1181408.0 254.523038864
1181408.0 253.385066986
1181408.0 2254.73403931
1181408.0 253.259897232
1181405.0 538.270950317
1181334.0 540.313959122
1181334.0 257.387161255
1181334.0 253.067970276
1181334.0 2243.29996109
1181331.0 550.307035446
1181331.0 252.498149872
1181331.0 253.269195557
1181288.0 547.461986542
1181288.0 259.695053101
1181270.0 2537.0349884
1181259.0 544.991970062
1181259.0 256.956100464
1181247.0 542.621850967
1181247.0 253.697156906
1181239.0 543.825149536
1181205.0 555.989027023
1181205.0 2237.77890205
1181205.0 252.121925354
1181171.0 540.818929672
1181168.0 543.523073196
1181151.0 542.234897614
1181151.0 253.822088242
1181151.0 2251.43289566
1181109.0 542.572975159
1181109.0 267.086029053
1181088.0 541.472911835
1181087.0 537.96005249
1181087.0 255.729913712
1181087.0 2245.251894
1181049.0 542.798995972
1181049.0 251.989841461
1181049.0 261.26909256
1181032.0 539.959192276
1181016.0 537.344932556
1180953.0 2544.66795921
1180947.0 542.778968811
1180937.0 541.527032852
1180908.0 543.919086456
1180883.0 543.505907059
1180850.0 543.166875839
1180832.0 541.499853134
1180829.0 2522.94492722
1180783.0 543.962001801
1180783.0 254.61602211
1180758.0 545.40681839
1180711.0 546.127080917
1180705.0 571.297883987
1180705.0 2402.95505524
1180676.0 575.920820236
1180660.0 566.086053848
1180660.0 264.416217804
1180660.0 255.164861679
1180660.0 254.158973694
1180660.0 2374.17602539
1180660.0 263.382196426
1180639.0 550.585985184
1180639.0 251.43289566
1180639.0 262.186050415
1180594.0 554.146051407
