458.0 1.41191482544
440.0 0.257968902588
440.0 0.176906585693
413.0 0.229120254517
413.0 0.109195709229
395.0 0.226020812988
373.0 0.220060348511
354.0 0.235080718994
354.0 0.125169754028
352.0 0.232934951782
350.0 0.220775604248
342.0 0.224113464355
342.0 0.119209289551
342.0 0.118970870972
336.0 0.227212905884
315.0 0.262975692749
315.0 0.11420249939
315.0 0.10085105896
315.0 0.115871429443
307.0 0.207901000977
303.0 0.226974487305
303.0 0.111103057861
303.0 0.109910964966
280.0 0.211000442505
280.0 0.107049942017
261.0 0.221014022827
261.0 0.101089477539
261.0 0.101089477539
260.0 0.339031219482
260.0 0.165939331055
260.0 0.137090682983
260.0 0.10085105896
259.0 0.221967697144
259.0 0.10085105896
259.0 0.0100135803223
259.0 0.10085105896
259.0 0.102043151855
250.0 0.251054763794
250.0 0.1060962677
250.0 0.102043151855
248.0 0.207901000977
239.0 0.211954116821
239.0 0.0998973846436
239.0 0.0991821289062
239.0 0.117063522339
239.0 0.0100135803223
239.0 0.104904174805
239.0 0.0998973846436
239.0 0.0967979431152
239.0 0.1060962677
239.0 0.0998973846436
237.0 0.22292137146
237.0 0.126123428345
237.0 0.0100135803223
237.0 0.123023986816
237.0 0.113010406494
229.0 0.219106674194
206.0 0.301837921143
206.0 0.103950500488
206.0 0.103950500488
206.0 0.0920295715332
206.0 0.0958442687988
206.0 0.0970363616943
206.0 0.107049942017
197.0 0.221014022827
197.0 0.111103057861
196.0 0.226974487305
196.0 0.0960826873779
196.0 0.102996826172
196.0 0.00810623168945
196.0 0.113010406494
196.0 0.0979900360107
196.0 0.0989437103271
196.0 0.102996826172
196.0 0.105142593384
196.0 0.109195709229
188.0 0.211954116821
188.0 0.00905990600586
188.0 0.100135803223
188.0 0.00905990600586
188.0 0.0948905944824
188.0 0.0970363616943
188.0 0.102996826172
188.0 0.0979900360107
183.0 0.268936157227
183.0 0.179052352905
183.0 0.169992446899
183.0 0.153064727783
162.0 0.349044799805
162.0 0.140905380249
160.0 0.214099884033
160.0 0.115156173706
160.0 0.0979900360107
160.0 0.107049942017
160.0 0.00905990600586
160.0 0.0941753387451
160.0 0.0970363616943
160.0 0.108003616333
156.0 0.226020812988
156.0 0.0989437103271
156.0 0.0979900360107
156.0 0.00905990600586
156.0 0.101089477539
156.0 0.109195709229
156.0 0.00905990600586
156.0 0.12993812561
156.0 0.106811523438
156.0 0.0989437103271
156.0 0.108957290649
156.0 0.1060962677
156.0 0.00905990600586
156.0 0.102043151855
156.0 0.102043151855
156.0 0.110149383545
152.0 0.217199325562
152.0 0.105142593384
152.0 0.108957290649
152.0 0.115156173706
152.0 0.0979900360107
152.0 0.104188919067
152.0 0.0970363616943
152.0 0.110864639282
152.0 0.102043151855
152.0 0.0948905944824
149.0 0.228881835938
149.0 0.103950500488
149.0 0.00882148742676
149.0 0.103950500488
147.0 0.216960906982
147.0 0.113964080811
147.0 0.112056732178
147.0 0.116109848022
147.0 0.103950500488
147.0 0.111103057861
147.0 0.00905990600586
147.0 0.100135803223
147.0 0.108957290649
140.0 0.283002853394
140.0 0.115156173706
140.0 0.0998973846436
127.0 0.00882148742676
127.0 0.104904174805
127.0 0.108003616333
127.0 0.133991241455
127.0 0.144958496094
127.0 0.135898590088
127.0 0.202894210815
125.0 0.437021255493
125.0 0.201225280762
123.0 0.365018844604
123.0 0.15115737915
123.0 0.149011611938
123.0 0.176191329956
123.0 0.165939331055
116.0 0.36883354187
116.0 0.182867050171
114.0 0.329971313477
114.0 0.0178813934326
114.0 0.133037567139
114.0 0.125169754028
114.0 0.134944915771
114.0 0.179052352905
114.0 0.144958496094
114.0 0.131130218506
114.0 0.107049942017
114.0 0.102043151855
114.0 0.106811523438
114.0 0.105142593384
114.0 0.112056732178
114.0 0.101089477539
114.0 0.104904174805
114.0 0.115156173706
114.0 0.101804733276
114.0 0.115156173706
114.0 0.109195709229
114.0 0.00810623168945
114.0 0.110149383545
114.0 0.101804733276
114.0 0.101089477539
114.0 0.093936920166
114.0 0.00905990600586
114.0 0.00786781311035
114.0 0.107049942017
114.0 0.105857849121
114.0 0.00786781311035
114.0 0.00905990600586
107.0 0.223875045776
107.0 0.00905990600586
107.0 0.00905990600586
107.0 0.00905990600586
107.0 0.103950500488
107.0 0.00786781311035
100.0 0.218868255615
100.0 0.0991821289062
100.0 0.0989437103271
100.0 0.105857849121
100.0 0.093936920166
100.0 0.00905990600586
97.0 0.232934951782
97.0 0.102043151855
97.0 0.00905990600586
97.0 0.111103057861
97.0 0.00882148742676
97.0 0.108003616333
97.0 0.0960826873779
96.0 0.226020812988
96.0 0.111103057861
96.0 0.00786781311035
96.0 0.101089477539
96.0 0.102043151855
96.0 0.117063522339
96.0 0.00905990600586
96.0 0.1060962677
96.0 0.0932216644287
96.0 0.00905990600586
96.0 0.102996826172
95.0 0.223875045776
95.0 0.100135803223
95.0 0.00905990600586
95.0 0.0941753387451
95.0 0.118017196655
95.0 0.0970363616943
95.0 0.137090682983
95.0 0.106811523438
95.0 0.00882148742676
95.0 0.110864639282
91.0 0.241994857788
91.0 0.00882148742676
87.0 0.223875045776
87.0 0.0991821289062
87.0 0.0941753387451
87.0 0.0941753387451
87.0 0.00905990600586
87.0 0.123977661133
87.0 0.00882148742676
87.0 0.0929832458496
87.0 0.00905990600586
87.0 0.102996826172
87.0 0.102996826172
87.0 0.093936920166
87.0 0.1060962677
87.0 0.111818313599
86.0 0.221967697144
86.0 0.106811523438
86.0 0.113010406494
82.0 0.286102294922
80.0 0.365972518921
80.0 0.143051147461
80.0 0.133037567139
80.0 0.164985656738
80.0 0.0159740447998
80.0 0.180959701538
80.0 0.196933746338
80.0 0.16188621521
80.0 0.159025192261
80.0 0.0138282775879
80.0 0.178098678589
80.0 0.185966491699
80.0 0.170946121216
80.0 0.105142593384
80.0 0.104904174805
80.0 0.101089477539
76.0 0.226020812988
76.0 0.00905990600586
76.0 0.107049942017
76.0 0.101804733276
76.0 0.00905990600586
76.0 0.110149383545
76.0 0.00905990600586
76.0 0.00905990600586
76.0 0.102996826172
76.0 0.0100135803223
76.0 0.0109672546387
76.0 0.0960826873779
76.0 0.00905990600586
76.0 0.00786781311035
75.0 0.278949737549
75.0 0.12993812561
75.0 0.176906585693
75.0 0.127077102661
75.0 0.00905990600586
75.0 0.147104263306
75.0 0.152111053467
75.0 0.113964080811
75.0 0.0100135803223
75.0 0.00905990600586
75.0 0.0100135803223
75.0 0.123977661133
75.0 0.113010406494
75.0 0.116109848022
75.0 0.110864639282
75.0 0.0109672546387
75.0 0.0100135803223
72.0 0.241041183472
72.0 0.0100135803223
72.0 0.104904174805
72.0 0.0100135803223
72.0 0.114917755127
72.0 0.120878219604
72.0 0.0250339508057
72.0 0.195980072021
72.0 0.1380443573
72.0 0.149965286255
72.0 0.113010406494
72.0 0.107049942017
72.0 0.102996826172
72.0 0.113964080811
72.0 0.0100135803223
72.0 0.101089477539
72.0 0.120162963867
72.0 0.113010406494
72.0 0.108003616333
72.0 0.101089477539
72.0 0.0970363616943
70.0 0.233888626099
70.0 0.0100135803223
70.0 0.0100135803223
70.0 0.0979900360107
70.0 0.102996826172
70.0 0.107049942017
70.0 0.10085105896
70.0 0.111103057861
70.0 0.0100135803223
70.0 0.0100135803223
70.0 0.116109848022
70.0 0.0100135803223
70.0 0.107049942017
70.0 0.093936920166
70.0 0.1060962677
70.0 0.118970870972
70.0 0.0970363616943
70.0 0.0100135803223
70.0 0.118017196655
70.0 0.119924545288
70.0 0.00977516174316
70.0 0.109195709229
70.0 0.116109848022
70.0 0.101089477539
70.0 0.0998973846436
70.0 0.00977516174316
70.0 0.123023986816
70.0 0.0100135803223
70.0 0.113964080811
70.0 0.128030776978
70.0 0.0979900360107
70.0 0.00810623168945
70.0 0.149011611938
70.0 0.118017196655
70.0 0.119924545288
70.0 0.00905990600586
70.0 0.0989437103271
70.0 0.0979900360107
70.0 0.10085105896
70.0 0.0100135803223
70.0 0.093936920166
70.0 0.117063522339
70.0 0.00786781311035
70.0 0.0100135803223
70.0 0.0970363616943
70.0 0.00810623168945
68.0 0.231981277466
68.0 0.102996826172
68.0 0.00882148742676
68.0 0.100135803223
68.0 0.093936920166
68.0 0.00905990600586
68.0 0.109910964966
68.0 0.109910964966
68.0 0.107049942017
68.0 0.1060962677
68.0 0.107049942017
68.0 0.107049942017
68.0 0.0109672546387
68.0 0.1220703125
68.0 0.113010406494
68.0 0.0100135803223
68.0 0.00882148742676
68.0 0.101089477539
68.0 0.107049942017
68.0 0.108957290649
68.0 0.0100135803223
68.0 0.0100135803223
68.0 0.110864639282
68.0 0.117063522339
68.0 0.0100135803223
68.0 0.108003616333
68.0 0.0100135803223
68.0 0.102043151855
68.0 0.102996826172
68.0 0.118970870972
68.0 0.00905990600586
68.0 0.119924545288
68.0 0.115156173706
68.0 0.101089477539
68.0 0.00905990600586
68.0 0.108957290649
68.0 0.113010406494
68.0 0.107049942017
68.0 0.106811523438
68.0 0.00905990600586
68.0 0.143051147461
68.0 0.129222869873
68.0 0.11682510376
68.0 0.119209289551
68.0 0.124931335449
68.0 0.121831893921
68.0 0.141143798828
68.0 0.125169754028
68.0 0.113010406494
68.0 0.116109848022
68.0 0.132083892822
68.0 0.117778778076
68.0 0.123977661133
68.0 0.138998031616
68.0 0.00905990600586
68.0 0.118017196655
68.0 0.119924545288
68.0 0.128030776978
68.0 0.130176544189
68.0 0.123023986816
68.0 0.00882148742676
68.0 0.135898590088
68.0 0.1060962677
68.0 0.093936920166
68.0 0.107049942017
68.0 0.0970363616943
68.0 0.00905990600586
68.0 0.102043151855
68.0 0.126123428345
68.0 0.00905990600586
68.0 0.00905990600586
68.0 0.114917755127
68.0 0.118970870972
68.0 0.00882148742676
68.0 0.00905990600586
68.0 0.113010406494
68.0 0.133991241455
68.0 0.00905990600586
68.0 0.00905990600586
68.0 0.101089477539
68.0 0.00905990600586
68.0 0.116109848022
68.0 0.115871429443
68.0 0.0960826873779
68.0 0.00905990600586
68.0 0.00905990600586
68.0 0.125169754028
68.0 0.0979900360107
68.0 0.110864639282
68.0 0.113010406494
68.0 0.00882148742676
68.0 0.00905990600586
68.0 0.109195709229
68.0 0.00905990600586
68.0 0.110864639282
68.0 0.00882148742676
68.0 0.103950500488
68.0 0.00810623168945
66.0 0.239849090576
66.0 0.105142593384
66.0 0.108003616333
66.0 0.116109848022
66.0 0.00905990600586
65.0 0.226020812988
65.0 0.111818313599
65.0 0.00786781311035
65.0 0.0989437103271
65.0 0.00905990600586
65.0 0.103950500488
65.0 0.093936920166
65.0 0.108003616333
65.0 0.00905990600586
65.0 0.00905990600586
65.0 0.00882148742676
65.0 0.00905990600586
65.0 0.1060962677
65.0 0.00905990600586
65.0 0.11682510376
65.0 0.138998031616
65.0 0.115871429443
65.0 0.103950500488
65.0 0.10085105896
65.0 0.0979900360107
65.0 0.00810623168945
65.0 0.0970363616943
65.0 0.108003616333
65.0 0.0901222229004
65.0 0.00786781311035
65.0 0.00786781311035
65.0 0.0908374786377
65.0 0.0948905944824
65.0 0.0870227813721
65.0 0.00810623168945
65.0 0.110149383545
65.0 0.100135803223
65.0 0.00786781311035
65.0 0.086784362793
65.0 0.146865844727
65.0 0.112056732178
65.0 0.00905990600586
65.0 0.093936920166
65.0 0.132083892822
65.0 0.18310546875
65.0 0.0100135803223
65.0 0.0159740447998
65.0 0.153064727783
64.0 0.306844711304
64.0 0.00905990600586
64.0 0.00905990600586
64.0 0.114917755127
64.0 0.112056732178
64.0 0.00905990600586
64.0 0.1060962677
64.0 0.00882148742676
64.0 0.104904174805
64.0 0.128030776978
64.0 0.00905990600586
64.0 0.00905990600586
64.0 0.00905990600586
64.0 0.00882148742676
64.0 0.117063522339
64.0 0.00905990600586
64.0 0.0967979431152
64.0 0.110864639282
63.0 0.254154205322
63.0 0.00905990600586
63.0 0.00882148742676
62.0 0.241041183472
62.0 0.00905990600586
62.0 0.00905990600586
62.0 0.108003616333
62.0 0.0979900360107
62.0 0.00810623168945
62.0 0.00882148742676
62.0 0.0979900360107
62.0 0.00905990600586
62.0 0.103950500488
62.0 0.115156173706
62.0 0.0979900360107
62.0 0.114917755127
61.0 0.226020812988
61.0 0.00905990600586
61.0 0.0979900360107
61.0 0.00810623168945
61.0 0.00882148742676
61.0 0.114917755127
61.0 0.00905990600586
61.0 0.00786781311035
61.0 0.00810623168945
61.0 0.108003616333
61.0 0.1060962677
61.0 0.108003616333
61.0 0.00905990600586
61.0 0.00905990600586
61.0 0.115156173706
61.0 0.00905990600586
61.0 0.110149383545
61.0 0.00905990600586
61.0 0.127077102661
61.0 0.00905990600586
61.0 0.108003616333
61.0 0.0989437103271
61.0 0.113964080811
61.0 0.0929832458496
61.0 0.00905990600586
61.0 0.101089477539
61.0 0.0982284545898
61.0 0.103950500488
61.0 0.00905990600586
61.0 0.0948905944824
61.0 0.0958442687988
61.0 0.0960826873779
61.0 0.00905990600586
61.0 0.00905990600586
61.0 0.00786781311035
61.0 0.00810623168945
61.0 0.125885009766
61.0 0.1060962677
61.0 0.0989437103271
61.0 0.00882148742676
61.0 0.00786781311035
61.0 0.00905990600586
61.0 0.11682510376
61.0 0.118017196655
60.0 0.224113464355
60.0 0.0989437103271
60.0 0.103950500488
60.0 0.107049942017
60.0 0.104904174805
60.0 0.115871429443
60.0 0.117063522339
60.0 0.0100135803223
60.0 0.102043151855
60.0 0.00882148742676
60.0 0.00905990600586
60.0 0.111818313599
60.0 0.110149383545
60.0 0.102043151855
60.0 0.103950500488
60.0 0.00810623168945
60.0 0.0958442687988
60.0 0.00882148742676
60.0 0.00905990600586
60.0 0.00786781311035
60.0 0.00810623168945
60.0 0.0979900360107
60.0 0.00786781311035
60.0 0.00810623168945
60.0 0.00810623168945
60.0 0.118017196655
60.0 0.0989437103271
60.0 0.00905990600586
60.0 0.0929832458496
60.0 0.120878219604
60.0 0.00786781311035
59.0 0.249147415161
59.0 0.117063522339
59.0 0.102043151855
59.0 0.117063522339
59.0 0.00882148742676
58.0 0.243902206421
58.0 0.00905990600586
58.0 0.00882148742676
58.0 0.0998973846436
58.0 0.00786781311035
58.0 0.0958442687988
58.0 0.00882148742676
58.0 0.0960826873779
58.0 0.123023986816
58.0 0.00882148742676
58.0 0.104188919067
58.0 0.108003616333
58.0 0.108003616333
58.0 0.00905990600586
58.0 0.00905990600586
58.0 0.103950500488
58.0 0.105857849121
58.0 0.16188621521
58.0 0.0159740447998
58.0 0.138998031616
57.0 0.239133834839
57.0 0.113964080811
57.0 0.172138214111
57.0 0.211954116821
57.0 0.0159740447998
57.0 0.0200271606445
57.0 0.0169277191162
57.0 0.0209808349609
57.0 0.0150203704834
57.0 0.00905990600586
57.0 0.00882148742676
57.0 0.00882148742676
57.0 0.108957290649
57.0 0.104188919067
57.0 0.117063522339
57.0 0.111103057861
57.0 0.0128746032715
57.0 0.0100135803223
57.0 0.132083892822
57.0 0.0941753387451
57.0 0.00905990600586
57.0 0.128984451294
57.0 0.00905990600586
57.0 0.124931335449
57.0 0.00905990600586
57.0 0.00905990600586
57.0 0.00905990600586
57.0 0.113010406494
57.0 0.110864639282
57.0 0.00905990600586
57.0 0.147819519043
57.0 0.0100135803223
57.0 0.135183334351
55.0 0.262022018433
55.0 0.0100135803223
55.0 0.1380443573
55.0 0.12993812561
55.0 0.00905990600586
54.0 0.272035598755
54.0 0.0100135803223
54.0 0.0100135803223
54.0 0.110149383545
54.0 0.107049942017
54.0 0.117063522339
54.0 0.140190124512
54.0 0.133037567139
54.0 0.0100135803223
54.0 0.104904174805
54.0 0.00786781311035
54.0 0.0100135803223
54.0 0.0100135803223
54.0 0.108957290649
54.0 0.109910964966
54.0 0.0100135803223
54.0 0.1380443573
54.0 0.0100135803223
54.0 0.103950500488
54.0 0.10085105896
54.0 0.1220703125
54.0 0.0100135803223
54.0 0.121831893921
54.0 0.118970870972
54.0 0.0150203704834
54.0 0.125885009766
54.0 0.00905990600586
54.0 0.0109672546387
54.0 0.0109672546387
54.0 0.00882148742676
54.0 0.0109672546387
54.0 0.00905990600586
54.0 0.102043151855
54.0 0.00905990600586
54.0 0.00810623168945
54.0 0.0100135803223
53.0 0.241041183472
53.0 0.113964080811
53.0 0.0100135803223
53.0 0.00810623168945
53.0 0.0100135803223
53.0 0.00882148742676
53.0 0.0960826873779
53.0 0.00905990600586
53.0 0.00882148742676
53.0 0.124216079712
53.0 0.107049942017
53.0 0.00905990600586
53.0 0.108957290649
53.0 0.0100135803223
53.0 0.0100135803223
53.0 0.102996826172
53.0 0.102043151855
53.0 0.0979900360107
53.0 0.0100135803223
53.0 0.124931335449
53.0 0.0100135803223
53.0 0.123977661133
53.0 0.0100135803223
53.0 0.123977661133
53.0 0.0100135803223
53.0 0.0100135803223
53.0 0.00905990600586
53.0 0.118017196655
53.0 0.118970870972
53.0 0.00977516174316
53.0 0.00977516174316
53.0 0.0100135803223
53.0 0.00905990600586
51.0 0.242948532104
51.0 0.00882148742676
51.0 0.00905990600586
51.0 0.00905990600586
51.0 0.00786781311035
51.0 0.00810623168945
51.0 0.00882148742676
51.0 0.124931335449
51.0 0.103950500488
51.0 0.00882148742676
51.0 0.00810623168945
51.0 0.00905990600586
51.0 0.00905990600586
51.0 0.00882148742676
51.0 0.00810623168945
51.0 0.00882148742676
51.0 0.00905990600586
51.0 0.0958442687988
51.0 0.00905990600586
51.0 0.133037567139
51.0 0.00810623168945
51.0 0.00786781311035
51.0 0.00905990600586
51.0 0.00882148742676
51.0 0.108957290649
51.0 0.107049942017
51.0 0.104904174805
51.0 0.00905990600586
51.0 0.00786781311035
51.0 0.00786781311035
51.0 0.00786781311035
51.0 0.00810623168945
51.0 0.00786781311035
51.0 0.107049942017
51.0 0.19097328186
51.0 0.107765197754
51.0 0.10085105896
51.0 0.127077102661
51.0 0.00810623168945
51.0 0.00810623168945
51.0 0.0100135803223
51.0 0.11420249939
51.0 0.0989437103271
51.0 0.00882148742676
51.0 0.110149383545
51.0 0.00786781311035
51.0 0.0879764556885
51.0 0.00786781311035
51.0 0.0929832458496
51.0 0.00786781311035
51.0 0.00786781311035
51.0 0.00691413879395
51.0 0.00786781311035
51.0 0.00691413879395
51.0 0.00786781311035
51.0 0.00810623168945
51.0 0.108957290649
51.0 0.108003616333
51.0 0.100135803223
51.0 0.00905990600586
51.0 0.00882148742676
51.0 0.00810623168945
51.0 0.00786781311035
51.0 0.1060962677
51.0 0.120878219604
51.0 0.0998973846436
51.0 0.00882148742676
51.0 0.108003616333
51.0 0.00810623168945
51.0 0.00810623168945
51.0 0.112056732178
51.0 0.0920295715332
51.0 0.00810623168945
51.0 0.1060962677
51.0 0.00786781311035
51.0 0.120878219604
51.0 0.00786781311035
51.0 0.00786781311035
51.0 0.00905990600586
51.0 0.00882148742676
51.0 0.00905990600586
51.0 0.108003616333
51.0 0.00905990600586
51.0 0.00905990600586
51.0 0.118970870972
51.0 0.00905990600586
51.0 0.00786781311035
51.0 0.00810623168945
51.0 0.105142593384
51.0 0.00905990600586
51.0 0.00786781311035
51.0 0.0100135803223
51.0 0.014066696167
51.0 0.014066696167
51.0 0.00905990600586
51.0 0.00810623168945
51.0 0.00882148742676
51.0 0.00905990600586
51.0 0.00786781311035
50.0 0.269174575806
50.0 0.00882148742676
50.0 0.103950500488
49.0 0.253915786743
49.0 0.00977516174316
49.0 0.133037567139
49.0 0.00882148742676
49.0 0.125885009766
49.0 0.00786781311035
49.0 0.00786781311035
49.0 0.118017196655
49.0 0.00882148742676
49.0 0.00905990600586
49.0 0.00786781311035
49.0 0.00905990600586
49.0 0.00810623168945
49.0 0.00810623168945
49.0 0.00882148742676
49.0 0.00905990600586
49.0 0.00786781311035
49.0 0.125169754028
48.0 0.260829925537
48.0 0.00905990600586
48.0 0.00882148742676
48.0 0.107049942017
48.0 0.111103057861
48.0 0.00905990600586
47.0 0.247955322266
47.0 0.00905990600586
47.0 0.0960826873779
47.0 0.00882148742676
47.0 0.00786781311035
47.0 0.111103057861
47.0 0.00905990600586
47.0 0.00905990600586
47.0 0.00786781311035
47.0 0.00786781311035
47.0 0.108003616333
47.0 0.00882148742676
47.0 0.00905990600586
47.0 0.00786781311035
47.0 0.00882148742676
47.0 0.105857849121
47.0 0.00905990600586
47.0 0.00882148742676
47.0 0.00786781311035
47.0 0.00905990600586
47.0 0.128984451294
47.0 0.00882148742676
47.0 0.00786781311035
47.0 0.00905990600586
47.0 0.00882148742676
47.0 0.108003616333
47.0 0.00905990600586
47.0 0.00882148742676
47.0 0.00905990600586
47.0 0.00905990600586
47.0 0.00810623168945
47.0 0.112056732178
47.0 0.00905990600586
47.0 0.00905990600586
46.0 0.266075134277
46.0 0.00810623168945
46.0 0.121116638184
46.0 0.102996826172
46.0 0.00882148742676
46.0 0.101804733276
46.0 0.00905990600586
46.0 0.00882148742676
46.0 0.123023986816
46.0 0.00905990600586
46.0 0.00882148742676
46.0 0.00905990600586
46.0 0.00786781311035
46.0 0.109195709229
46.0 0.1220703125
46.0 0.00905990600586
46.0 0.00905990600586
46.0 0.102043151855
46.0 0.00882148742676
46.0 0.0970363616943
46.0 0.00905990600586
46.0 0.00905990600586
46.0 0.109195709229
46.0 0.10085105896
46.0 0.0967979431152
46.0 0.00786781311035
46.0 0.00905990600586
46.0 0.00810623168945
46.0 0.00786781311035
46.0 0.123023986816
46.0 0.00786781311035
46.0 0.0979900360107
46.0 0.00905990600586
46.0 0.00882148742676
46.0 0.00905990600586
46.0 0.00905990600586
46.0 0.00905990600586
46.0 0.0970363616943
44.0 0.248908996582
42.0 0.268936157227
39.0 0.255823135376
39.0 0.00905990600586
39.0 0.119209289551
39.0 0.00905990600586
39.0 0.0951290130615
39.0 0.0998973846436
39.0 0.00882148742676
39.0 0.00810623168945
39.0 0.00786781311035
37.0 0.251054763794
37.0 0.014066696167
37.0 0.00905990600586
37.0 0.00882148742676
37.0 0.116109848022
37.0 0.119924545288
37.0 0.00786781311035
37.0 0.00905990600586
37.0 0.00905990600586
37.0 0.00905990600586
37.0 0.00905990600586
37.0 0.108957290649
37.0 0.108003616333
37.0 0.00882148742676
37.0 0.0989437103271
37.0 0.00905990600586
37.0 0.118970870972
37.0 0.102996826172
37.0 0.103950500488
37.0 0.00905990600586
37.0 0.101089477539
37.0 0.101089477539
37.0 0.00905990600586
37.0 0.00905990600586
37.0 0.0131130218506
37.0 0.114917755127
37.0 0.219821929932
37.0 0.0119209289551
37.0 0.0112056732178
37.0 0.144004821777
37.0 0.19383430481
37.0 0.0159740447998
37.0 0.0159740447998
37.0 0.185012817383
37.0 0.0109672546387
37.0 0.142812728882
37.0 0.0119209289551
37.0 0.196933746338
37.0 0.0159740447998
37.0 0.1540184021
37.0 0.0150203704834
37.0 0.0138282775879
37.0 0.0131130218506
37.0 0.186920166016
37.0 0.014066696167
