4175.0 13.5111808777
4175.0 0.853061676025
4172.0 1.54304504395
4130.0 1.47914886475
4130.0 0.715970993042
4129.0 1.59907341003
4122.0 1.52587890625
4100.0 1.59811973572
4100.0 0.746965408325
4098.0 1.76978111267
4091.0 1.73497200012
4058.0 1.93881988525
4058.0 0.671863555908
3993.0 1.53279304504
3968.0 1.52921676636
3950.0 1.53493881226
3938.0 1.63912773132
3938.0 0.679969787598
3938.0 0.711917877197
3937.0 1.70397758484
3921.0 2.22516059875
3921.0 1.90186500549
3921.0 1.04594230652
3897.0 1.90615653992
3897.0 0.822067260742
3888.0 1.64413452148
3888.0 0.749111175537
3885.0 1.60312652588
3864.0 1.61194801331
3864.0 0.839948654175
3864.0 0.73504447937
3864.0 0.74291229248
3864.0 0.726938247681
3858.0 1.59907341003
3858.0 0.810146331787
3858.0 0.652074813843
3858.0 0.775098800659
3806.0 1.77812576294
3806.0 0.725984573364
3769.0 1.46794319153
3757.0 1.36804580688
3721.0 1.54614448547
3721.0 0.751972198486
3714.0 1.43599510193
3714.0 0.764846801758
3714.0 0.663995742798
3712.0 1.74403190613
3712.0 1.36494636536
3712.0 1.19590759277
3704.0 1.94597244263
3704.0 0.842809677124
3704.0 0.744819641113
3704.0 0.711917877197
3697.0 1.68991088867
3613.0 1.70397758484
3613.0 0.916004180908
3588.0 1.86896324158
3584.0 1.59907341003
3567.0 1.75285339355
3544.0 1.60884857178
3532.0 1.65987014771
3520.0 1.75499916077
3520.0 0.722885131836
3496.0 1.43814086914
3495.0 1.5070438385
3495.0 0.654935836792
3481.0 1.47986412048
3481.0 1.44696235657
3481.0 1.59502029419
3481.0 0.960826873779
3469.0 2.03418731689
3469.0 0.708103179932
3469.0 0.755071640015
3469.0 0.895023345947
3469.0 0.817775726318
3464.0 1.62100791931
3464.0 0.824928283691
3458.0 1.49178504944
3446.0 1.51515007019
3446.0 0.661134719849
3446.0 0.818014144897
3422.0 1.54709815979
3405.0 1.620054245
3403.0 1.57189369202
3403.0 0.65803527832
3403.0 0.0228881835938
3403.0 0.76699256897
3399.0 1.58309936523
3397.0 1.66893005371
3396.0 1.44195556641
3396.0 0.62108039856
3359.0 1.57189369202
3359.0 0.00905990600586
3348.0 2.26092338562
3348.0 0.854015350342
3335.0 2.42900848389
3335.0 0.749111175537
3335.0 0.904083251953
3335.0 0.82802772522
3323.0 1.64794921875
3323.0 0.715970993042
3323.0 0.684022903442
3323.0 0.822067260742
3323.0 0.844955444336
3323.0 0.726938247681
3282.0 1.69205665588
3273.0 1.53398513794
3273.0 0.697135925293
3262.0 1.71089172363
3262.0 0.945091247559
3262.0 0.960111618042
3262.0 0.777006149292
3262.0 0.710964202881
3259.0 1.64604187012
3259.0 0.638008117676
3257.0 1.50203704834
3257.0 0.754117965698
3257.0 0.700950622559
3241.0 2.67791748047
3241.0 1.30105018616
3241.0 1.1100769043
3241.0 0.814914703369
3241.0 0.833988189697
3221.0 1.83415412903
3221.0 1.03998184204
3221.0 0.787973403931
3221.0 0.930070877075
3218.0 1.67202949524
3215.0 1.60694122314
3205.0 1.63793563843
3189.0 1.61981582642
3184.0 1.43098831177
3184.0 0.763177871704
3184.0 0.807046890259
3184.0 0.627994537354
3184.0 0.872850418091
3184.0 0.842809677124
3184.0 0.854969024658
3184.0 0.955104827881
3169.0 1.58500671387
3169.0 0.601053237915
3169.0 0.744104385376
3169.0 0.684976577759
3169.0 1.20401382446
3169.0 1.24883651733
3169.0 1.10697746277
3169.0 0.988960266113
3169.0 1.10411643982
3168.0 1.8630027771
3168.0 0.835180282593
3154.0 1.67298316956
3154.0 0.829935073853
3154.0 0.751972198486
3154.0 0.765800476074
3154.0 0.791072845459
3115.0 1.59907341003
3113.0 1.64103507996
3102.0 1.51491165161
3102.0 0.73504447937
3097.0 1.55401229858
3097.0 0.756978988647
3097.0 0.74315071106
3033.0 1.60789489746
3033.0 0.746011734009
3033.0 0.62894821167
3033.0 0.78010559082
3020.0 0.0100135803223
3020.0 0.686168670654
3020.0 0.720024108887
3018.0 1.43504142761
3009.0 1.62315368652
3009.0 0.795841217041
3007.0 2.41017341614
3000.0 2.05898284912
3000.0 0.770092010498
3000.0 0.690221786499
3000.0 0.864028930664
3000.0 0.692844390869
3000.0 0.866174697876
3000.0 0.756978988647
3000.0 0.710964202881
2993.0 1.66201591492
2993.0 0.679016113281
2993.0 0.717163085938
2981.0 1.59001350403
2981.0 0.670909881592
2981.0 0.895977020264
2981.0 0.789880752563
2981.0 0.828981399536
2956.0 1.62792205811
2956.0 0.667810440063
2950.0 1.49917602539
2950.0 0.711917877197
2950.0 0.679969787598
2950.0 0.677108764648
2939.0 1.42288208008
2939.0 0.64492225647
2939.0 0.669956207275
2921.0 1.57308578491
2921.0 0.683784484863
2921.0 1.37710571289
2921.0 0.782012939453
2910.0 1.94001197815
2910.0 1.20615959167
2888.0 1.88803672791
2888.0 0.777959823608
2883.0 1.95598602295
2883.0 0.910043716431
2883.0 0.75888633728
2883.0 0.802993774414
2883.0 0.770092010498
2883.0 0.893831253052
2883.0 0.62894821167
2883.0 1.19209289551
2880.0 1.66010856628
2880.0 0.738859176636
2880.0 0.816106796265
2880.0 0.730991363525
2874.0 1.48987770081
2874.0 0.910997390747
2874.0 0.675201416016
2874.0 0.684976577759
2874.0 0.677108764648
2874.0 0.762939453125
2874.0 12.158870697
2865.0 1.63197517395
2865.0 0.70595741272
2865.0 0.813007354736
2846.0 1.54089927673
2846.0 0.763177871704
2815.0 1.50394439697
2810.0 1.72305107117
2810.0 0.772953033447
2810.0 0.682830810547
2810.0 0.672101974487
2810.0 0.715970993042
2810.0 0.732898712158
2810.0 0.627040863037
2810.0 0.691175460815
2810.0 0.787019729614
2810.0 0.0109672546387
2809.0 1.76978111267
2809.0 0.79607963562
2809.0 0.783920288086
2809.0 0.71120262146
2809.0 0.80418586731
2809.0 0.681161880493
2809.0 0.787973403931
2805.0 2.2189617157
2805.0 1.23000144958
2805.0 1.0027885437
2805.0 1.1510848999
2805.0 0.894069671631
2805.0 1.13105773926
2801.0 1.95407867432
2801.0 0.718116760254
2801.0 0.835180282593
2801.0 0.916004180908
2778.0 1.57499313354
2778.0 0.800132751465
2762.0 1.60813331604
2762.0 0.953912734985
2762.0 0.786066055298
2762.0 0.859975814819
2762.0 0.869035720825
2762.0 0.662088394165
2762.0 0.61297416687
2743.0 1.48701667786
2743.0 0.736951828003
2743.0 0.615835189819
2743.0 0.688076019287
2720.0 1.52111053467
2713.0 1.4979839325
2713.0 0.702142715454
2713.0 1.28602981567
2711.0 2.84600257874
2700.0 1.89304351807
2700.0 0.838041305542
2700.0 0.938177108765
2681.0 2.10285186768
2681.0 0.797986984253
2678.0 1.64699554443
2678.0 0.788927078247
2678.0 0.91290473938
2676.0 1.60479545593
2676.0 1.02996826172
2676.0 0.891923904419
2676.0 0.934839248657
2676.0 0.941038131714
2676.0 0.91290473938
2676.0 0.699996948242
2676.0 0.653982162476
2676.0 0.779867172241
2676.0 0.872850418091
2676.0 0.614881515503
2676.0 0.653982162476
2671.0 1.46818161011
2651.0 1.54995918274
2651.0 0.703096389771
2651.0 0.747919082642
2651.0 1.29103660583
2651.0 1.20282173157
2651.0 1.48296356201
2651.0 1.22714042664
2643.0 1.99508666992
2628.0 1.99604034424
2628.0 0.717878341675
2628.0 1.22499465942
2628.0 0.879049301147
2628.0 0.947952270508
2626.0 1.79004669189
2585.0 1.93500518799
2585.0 0.911951065063
2574.0 1.78694725037
2574.0 0.827074050903
2553.0 1.62100791931
2553.0 0.744104385376
2511.0 1.55901908875
2511.0 0.606060028076
2511.0 0.795125961304
2511.0 0.725030899048
2505.0 1.47581100464
2491.0 1.54185295105
2491.0 1.17516517639
2491.0 1.40404701233
2474.0 2.24995613098
2474.0 0.939130783081
2474.0 0.852108001709
2474.0 0.777006149292
2456.0 1.9690990448
2456.0 0.716924667358
2456.0 0.724077224731
2456.0 0.802040100098
2456.0 0.658988952637
2456.0 0.694036483765
2456.0 0.734090805054
2456.0 0.729084014893
2456.0 0.638961791992
2456.0 0.834941864014
2456.0 0.901937484741
2456.0 0.657081604004
2456.0 0.726938247681
2456.0 0.853061676025
2456.0 0.725030899048
2456.0 0.736951828003
2456.0 0.633955001831
2445.0 1.39713287354
2445.0 0.715017318726
2445.0 0.699996948242
2445.0 0.667095184326
2428.0 1.41596794128
2420.0 1.42502784729
2409.0 1.50394439697
2409.0 0.807046890259
2404.0 2.32601165771
2401.0 2.43306159973
2401.0 0.869989395142
2401.0 0.676870346069
2398.0 1.88398361206
2398.0 0.785112380981
2398.0 0.769853591919
2398.0 0.789165496826
2398.0 0.727891921997
2383.0 1.57499313354
2381.0 1.64914131165
2381.0 0.679016113281
2381.0 0.0231266021729
2378.0 1.51705741882
2378.0 0.686883926392
2378.0 0.752925872803
2378.0 0.775098800659
2373.0 1.5549659729
2373.0 0.797986984253
2373.0 0.727891921997
2373.0 0.679016113281
2373.0 0.618934631348
2373.0 0.688076019287
2373.0 0.622987747192
2373.0 0.654935836792
2373.0 0.663995742798
2373.0 0.730991363525
2370.0 1.49202346802
2358.0 2.0809173584
2358.0 1.04212760925
2351.0 2.47812271118
2337.0 1.94501876831
2317.0 1.85894966125
2313.0 1.54304504395
2313.0 0.777959823608
2313.0 0.859975814819
2313.0 0.808954238892
2304.0 1.67012214661
2304.0 0.757932662964
2304.0 0.746011734009
2304.0 0.833034515381
2304.0 0.772953033447
2300.0 1.58214569092
2300.0 0.720977783203
2300.0 0.731945037842
2300.0 0.741958618164
2300.0 0.755071640015
2300.0 0.657081604004
2300.0 0.718832015991
2300.0 0.765085220337
2300.0 0.810861587524
2300.0 0.625848770142
2251.0 1.51896476746
2246.0 1.42812728882
2246.0 0.793933868408
2246.0 0.914096832275
2241.0 2.04801559448
2234.0 2.03800201416
2234.0 0.782012939453
2231.0 1.92594528198
2224.0 1.63197517395
2224.0 0.805139541626
2224.0 0.750064849854
2223.0 1.63006782532
2223.0 0.699996948242
2223.0 0.823020935059
2223.0 0.792026519775
2223.0 0.691890716553
2223.0 0.735998153687
2223.0 0.725030899048
2213.0 1.66320800781
2213.0 0.817775726318
2213.0 0.70595741272
2213.0 0.754117965698
2213.0 0.838994979858
2213.0 0.665903091431
2213.0 0.62894821167
2213.0 0.629901885986
2213.0 0.776052474976
2213.0 0.720024108887
2208.0 1.33514404297
2208.0 0.675916671753
2199.0 1.73592567444
2199.0 1.22594833374
2199.0 0.952005386353
2199.0 0.978946685791
2199.0 0.936031341553
2199.0 1.05810165405
2199.0 0.840902328491
2199.0 1.00803375244
2199.0 0.877857208252
2199.0 0.979900360107
2187.0 1.63698196411
2147.0 1.54900550842
2136.0 1.65200233459
2136.0 0.71907043457
2136.0 0.925064086914
2136.0 0.868082046509
2136.0 1.00898742676
2136.0 0.664949417114
2136.0 0.676870346069
2136.0 0.665187835693
2136.0 0.646829605103
2124.0 1.50918960571
2124.0 0.761032104492
2112.0 1.37805938721
2098.0 1.53589248657
2098.0 0.649929046631
2098.0 0.622987747192
2091.0 2.80809402466
2091.0 1.60384178162
2091.0 1.17707252502
2083.0 1.93190574646
2083.0 0.962972640991
2074.0 1.93190574646
2071.0 1.79386138916
2071.0 0.868082046509
2071.0 0.845909118652
2071.0 0.78296661377
2069.0 1.58190727234
2069.0 0.911951065063
2069.0 0.969886779785
2069.0 0.888109207153
2069.0 0.797986984253
2069.0 0.797986984253
2069.0 0.798940658569
2059.0 1.83200836182
2059.0 0.866889953613
2059.0 0.650882720947
2059.0 0.566959381104
2059.0 0.732898712158
2059.0 0.816106796265
2059.0 0.699043273926
2041.0 1.83010101318
2041.0 1.30391120911
2035.0 2.66194343567
2035.0 1.38378143311
2035.0 0.734806060791
2035.0 0.900030136108
2035.0 0.815868377686
2035.0 0.774145126343
2035.0 0.756978988647
2035.0 0.761985778809
2035.0 0.802040100098
2035.0 0.714063644409
2035.0 0.731945037842
2035.0 0.818014144897
2035.0 0.75101852417
2035.0 0.776052474976
2035.0 0.79607963562
2035.0 0.868082046509
2035.0 0.741004943848
1989.0 1.68204307556
1989.0 0.668048858643
1989.0 0.699043273926
1989.0 0.795125961304
1989.0 0.00905990600586
1978.0 1.45602226257
1978.0 0.733137130737
1978.0 0.699043273926
1976.0 1.46818161011
1969.0 1.52111053467
1969.0 0.674962997437
1969.0 0.780820846558
1969.0 0.704050064087
1969.0 0.736951828003
1969.0 0.86498260498
1969.0 0.921010971069
1969.0 0.88095664978
1969.0 1.28698348999
1969.0 0.869035720825
1969.0 0.854969024658
1969.0 0.967025756836
1969.0 0.82802772522
1969.0 0.744104385376
1961.0 1.708984375
1961.0 0.849962234497
1954.0 1.54995918274
1954.0 0.827789306641
1954.0 0.858068466187
1954.0 0.969886779785
1954.0 0.864028930664
1954.0 0.78296661377
1944.0 1.56307220459
1944.0 0.753879547119
1944.0 0.641107559204
1935.0 1.39713287354
1935.0 0.741004943848
1935.0 0.627994537354
1922.0 1.52802467346
1922.0 0.684022903442
1918.0 1.4820098877
1918.0 0.66614151001
1918.0 0.720977783203
1918.0 0.893115997314
1915.0 2.34198570251
1915.0 1.30105018616
1915.0 1.08480453491
1913.0 1.87802314758
1894.0 1.96099281311
1894.0 0.737905502319
1884.0 1.57403945923
1884.0 0.718116760254
1884.0 0.862121582031
1879.0 1.73306465149
1879.0 0.724077224731
1879.0 0.763893127441
1879.0 0.823974609375
1879.0 0.752925872803
1879.0 0.878095626831
1879.0 0.821113586426
1879.0 0.86498260498
1879.0 0.776052474976
1879.0 0.677824020386
1879.0 0.609874725342
1879.0 0.793218612671
1879.0 0.730037689209
1879.0 0.694990158081
1879.0 0.764846801758
1879.0 0.683069229126
1879.0 0.814914703369
1877.0 1.38807296753
1877.0 0.644207000732
1877.0 0.705003738403
1873.0 1.89995765686
1870.0 2.53891944885
1868.0 1.96218490601
1868.0 0.859975814819
1868.0 0.875949859619
1847.0 1.76286697388
1847.0 0.648975372314
1836.0 1.62982940674
1836.0 0.763177871704
1836.0 0.737905502319
1836.0 0.757932662964
1836.0 0.89693069458
1836.0 0.946044921875
1836.0 0.80394744873
1834.0 1.59907341003
1834.0 0.908136367798
1832.0 1.7421245575
1822.0 1.61480903625
1822.0 0.0109672546387
1822.0 0.746011734009
1822.0 0.684022903442
1818.0 1.51610374451
1818.0 0.699996948242
1818.0 0.72193145752
1818.0 0.754833221436
1814.0 1.73997879028
1813.0 2.5429725647
1813.0 1.19781494141
1813.0 0.787973403931
1807.0 2.14195251465
1807.0 0.895023345947
1793.0 1.59001350403
1780.0 1.66893005371
1780.0 0.730037689209
1780.0 0.838994979858
1767.0 1.68919563293
1767.0 0.813961029053
1767.0 0.761985778809
1767.0 0.878095626831
1765.0 1.5869140625
1765.0 0.877141952515
1762.0 1.48391723633
1762.0 0.831127166748
1762.0 0.710010528564
1762.0 0.790119171143
1757.0 1.55901908875
1757.0 0.619888305664
1757.0 0.635147094727
1747.0 1.50799751282
1747.0 0.792026519775
1747.0 0.838994979858
1740.0 2.38800048828
1740.0 1.24001502991
1735.0 2.1059513092
1735.0 0.813961029053
1735.0 0.945091247559
1735.0 0.818014144897
1735.0 0.795125961304
1735.0 0.688076019287
1728.0 1.61409378052
1728.0 0.68187713623
1728.0 0.0109672546387
1728.0 0.830888748169
1728.0 0.778913497925
1728.0 0.639915466309
1722.0 1.53803825378
1722.0 0.654935836792
1722.0 0.746011734009
1709.0 1.68609619141
1709.0 0.787019729614
1706.0 1.53183937073
1706.0 0.764131546021
1706.0 0.727891921997
1705.0 1.42407417297
1705.0 0.616073608398
1705.0 0.694990158081
1705.0 0.739097595215
1705.0 0.710010528564
1705.0 0.00905990600586
1704.0 1.48987770081
1698.0 1.87993049622
1698.0 0.854969024658
1698.0 1.2891292572
1692.0 2.14195251465
1692.0 0.787019729614
1692.0 0.845909118652
1692.0 0.798940658569
1692.0 0.785112380981
1692.0 0.81992149353
1692.0 0.756025314331
1692.0 0.764131546021
1692.0 0.81205368042
1692.0 0.794887542725
1692.0 0.702142715454
1686.0 1.63984298706
1682.0 1.49178504944
1682.0 0.66089630127
1682.0 0.834941864014
1682.0 0.797033309937
1679.0 1.57999992371
1679.0 0.815868377686
1673.0 1.54519081116
1673.0 0.638008117676
1673.0 0.752925872803
1673.0 0.00905990600586
1673.0 0.706911087036
1660.0 1.63912773132
1645.0 1.48701667786
1645.0 0.750064849854
1645.0 0.706911087036
1643.0 2.47502326965
1633.0 2.00986862183
1633.0 1.18803977966
1633.0 0.927209854126
1633.0 0.841856002808
1633.0 0.890016555786
1633.0 0.014066696167
1629.0 1.65987014771
1629.0 0.976085662842
1627.0 1.57690048218
1616.0 1.50609016418
1616.0 0.88095664978
1616.0 0.900030136108
1616.0 0.742197036743
1616.0 0.761032104492
1616.0 0.787973403931
1610.0 1.71494483948
1610.0 0.875949859619
1610.0 0.799179077148
1610.0 0.617980957031
1610.0 0.681161880493
1598.0 1.55091285706
1598.0 0.68211555481
1598.0 0.00905990600586
1598.0 0.683069229126
1598.0 0.671863555908
1598.0 1.28412246704
1598.0 1.43504142761
1598.0 1.09314918518
1598.0 0.885009765625
1598.0 1.0130405426
1598.0 0.825881958008
1597.0 1.76000595093
1577.0 1.78098678589
1577.0 0.815868377686
1577.0 0.772953033447
1577.0 0.791072845459
1577.0 0.782012939453
1577.0 0.718832015991
1577.0 0.768899917603
1577.0 0.725984573364
1577.0 0.767946243286
1574.0 1.65891647339
1570.0 1.63602828979
1570.0 0.738859176636
1570.0 0.66089630127
1570.0 0.704050064087
1570.0 0.648021697998
1570.0 0.663995742798
1570.0 0.596046447754
1565.0 1.48487091064
1565.0 0.63681602478
1565.0 0.70595741272
1565.0 0.801086425781
1565.0 0.743865966797
1565.0 0.646114349365
1562.0 1.70183181763
1562.0 0.712156295776
1562.0 1.21092796326
1562.0 0.0169277191162
1562.0 0.893115997314
1556.0 2.2599697113
1556.0 0.865936279297
1556.0 0.777959823608
1556.0 0.838041305542
1556.0 0.801086425781
1556.0 0.72193145752
1556.0 0.761985778809
1556.0 0.831127166748
1553.0 1.65987014771
1553.0 0.672101974487
1553.0 0.917911529541
1546.0 1.52993202209
1546.0 0.736951828003
1546.0 0.68211555481
1546.0 0.748872756958
1546.0 0.783920288086
1546.0 0.885009765625
1546.0 0.769853591919
1546.0 0.84400177002
1544.0 1.51205062866
1544.0 0.712156295776
1544.0 0.669002532959
1544.0 0.64492225647
1544.0 11.5599632263
1544.0 0.881910324097
1544.0 0.720024108887
1544.0 0.0240802764893
1544.0 0.712871551514
1544.0 0.821828842163
1544.0 0.893115997314
1544.0 0.709056854248
1544.0 0.752925872803
1544.0 0.808954238892
1544.0 0.867128372192
1544.0 0.684022903442
1544.0 0.781059265137
1544.0 0.717163085938
1544.0 0.729084014893
1541.0 1.71780586243
1541.0 0.764846801758
1541.0 0.864028930664
1541.0 0.658988952637
1541.0 0.602006912231
1541.0 0.648021697998
1541.0 0.61297416687
1541.0 0.895023345947
1541.0 0.65016746521
1541.0 0.681161880493
1538.0 1.37186050415
1538.0 0.00905990600586
1538.0 0.614166259766
1538.0 0.784873962402
1538.0 0.704050064087
1534.0 2.26783752441
1534.0 0.0162124633789
1534.0 1.34301185608
1534.0 0.951051712036
1534.0 0.900030136108
1534.0 0.698089599609
1534.0 0.822067260742
1534.0 0.761985778809
1534.0 0.845909118652
1534.0 0.692844390869
1534.0 0.687122344971
1534.0 0.76699256897
1534.0 0.745058059692
1534.0 0.643968582153
1534.0 0.633001327515
1534.0 0.725030899048
1534.0 0.783920288086
1534.0 0.832080841064
1534.0 0.854015350342
1529.0 1.69587135315
1529.0 0.773191452026
1529.0 0.613927841187
1529.0 0.661134719849
1494.0 1.64890289307
1494.0 0.731945037842
1494.0 0.604867935181
1494.0 0.750064849854
1494.0 0.65803527832
1494.0 0.00905990600586
1494.0 0.694036483765
1483.0 1.44386291504
1483.0 0.670909881592
1483.0 0.731945037842
1483.0 0.694990158081
1483.0 0.0100135803223
1483.0 0.635147094727
1483.0 0.866889953613
1478.0 2.38490104675
1470.0 2.40206718445
1467.0 1.90806388855
1467.0 0.963926315308
1462.0 1.55806541443
1462.0 0.755786895752
1462.0 0.664949417114
1462.0 0.824928283691
1462.0 0.0109672546387
1462.0 0.733852386475
1462.0 0.650882720947
1462.0 0.816106796265
1462.0 0.856161117554
1462.0 0.739097595215
1456.0 1.64794921875
1456.0 0.737905502319
1456.0 0.646829605103
1452.0 1.52993202209
1452.0 0.720024108887
1452.0 0.904083251953
1452.0 0.613927841187
1452.0 0.669002532959
1452.0 0.68187713623
1452.0 0.658988952637
1452.0 0.738143920898
1452.0 0.779867172241
1452.0 0.738143920898
1452.0 0.817775726318
1452.0 0.665187835693
1452.0 0.893831253052
1452.0 0.869035720825
1452.0 0.921010971069
1452.0 1.47795677185
1452.0 0.768899917603
1452.0 0.882148742676
1452.0 0.815868377686
1443.0 1.85108184814
1443.0 0.684022903442
1443.0 0.715017318726
1441.0 1.48415565491
1437.0 1.60503387451
1437.0 0.849008560181
1429.0 1.80602073669
1429.0 0.809192657471
1429.0 0.747919082642
1429.0 0.653028488159
1429.0 0.763893127441
1421.0 1.65295600891
1421.0 0.792980194092
1421.0 0.627040863037
1421.0 0.669956207275
1421.0 0.791072845459
1421.0 0.797986984253
1421.0 0.661134719849
1421.0 0.71907043457
1421.0 0.792980194092
1421.0 0.699043273926
1421.0 0.723838806152
1421.0 0.73504447937
1421.0 0.849008560181
1421.0 0.861167907715
1421.0 1.77788734436
1421.0 1.23906135559
1421.0 1.10411643982
1421.0 0.791072845459
1421.0 1.04880332947
1421.0 0.880002975464
1421.0 0.96607208252
1421.0 1.06501579285
1421.0 0.911951065063
1421.0 0.814199447632
1421.0 0.729084014893
1421.0 0.760078430176
1421.0 0.824928283691
1421.0 0.84400177002
1420.0 1.56402587891
1416.0 1.66583061218
1416.0 0.686168670654
1416.0 0.756025314331
1416.0 0.761032104492
1416.0 0.65803527832
1416.0 0.70595741272
1416.0 0.779867172241
1416.0 0.733852386475
1416.0 0.753164291382
1416.0 0.630855560303
1416.0 0.611066818237
1416.0 0.767946243286
1416.0 0.708103179932
1416.0 0.759840011597
1414.0 3.02982330322
1413.0 2.52795219421
1413.0 0.0290870666504
1413.0 1.02400779724
1413.0 0.827074050903
1413.0 0.674962997437
1413.0 0.910997390747
1413.0 0.901937484741
1413.0 0.828981399536
1413.0 0.730037689209
1413.0 0.808000564575
1413.0 0.823020935059
1413.0 0.858068466187
1413.0 0.860929489136
1413.0 0.731945037842
1386.0 1.63698196411
1386.0 0.652074813843
1386.0 0.655889511108
1386.0 0.61297416687
1386.0 0.678062438965
1386.0 0.778198242188
1377.0 1.63602828979
1377.0 0.60510635376
1377.0 0.632047653198
1377.0 0.658988952637
1377.0 0.684976577759
1377.0 0.73504447937
1377.0 0.720977783203
1377.0 0.659942626953
1353.0 1.53779983521
1353.0 0.838041305542
1353.0 0.838994979858
1353.0 0.965118408203
1353.0 1.08790397644
1353.0 1.0130405426
1353.0 1.19113922119
1353.0 0.885009765625
1352.0 1.88088417053
1352.0 0.79607963562
1352.0 0.913858413696
1352.0 0.752925872803
1352.0 0.795125961304
1352.0 0.78296661377
1352.0 0.928163528442
1351.0 1.8138885498
1351.0 0.661849975586
1351.0 0.765800476074
1351.0 0.698089599609
1351.0 0.705003738403
1351.0 0.837087631226
1351.0 0.772953033447
1347.0 1.62196159363
1347.0 0.671863555908
1343.0 1.44290924072
1343.0 0.715970993042
1327.0 1.64985656738
1327.0 0.781059265137
1327.0 0.728845596313
1327.0 0.669956207275
1327.0 0.668048858643
1327.0 0.878095626831
1327.0 0.781059265137
1327.0 1.19209289551
1327.0 0.995874404907
1327.0 1.23000144958
1327.0 0.931978225708
1327.0 0.794172286987
1327.0 0.891923904419
1327.0 0.807046890259
1327.0 0.740766525269
1327.0 0.747919082642
1327.0 0.749111175537
