1044.0 4.73308563232
1044.0 0.37693977356
1019.0 0.751972198486
959.0 0.718832015991
959.0 0.0159740447998
946.0 0.745058059692
937.0 0.700950622559
931.0 0.726938247681
931.0 0.321865081787
929.0 0.699996948242
929.0 0.336885452271
899.0 0.711917877197
899.0 0.343084335327
890.0 0.704050064087
890.0 0.375032424927
863.0 0.666856765747
863.0 0.310897827148
863.0 0.319004058838
863.0 0.312089920044
843.0 0.716209411621
843.0 0.293016433716
843.0 0.29182434082
843.0 0.308990478516
843.0 0.308036804199
843.0 0.298023223877
824.0 0.714063644409
824.0 0.298023223877
813.0 0.694990158081
751.0 0.687122344971
745.0 0.662088394165
745.0 0.303983688354
745.0 0.309944152832
745.0 0.301122665405
743.0 0.810861587524
743.0 0.438928604126
743.0 0.323057174683
743.0 0.308036804199
733.0 0.676870346069
733.0 0.308990478516
733.0 0.31304359436
700.0 0.746965408325
673.0 0.740051269531
673.0 0.283002853394
673.0 0.282049179077
664.0 0.509023666382
664.0 0.167846679688
664.0 0.00882148742676
664.0 0.169992446899
664.0 0.182151794434
660.0 0.567197799683
660.0 0.179052352905
660.0 0.163793563843
660.0 0.174999237061
654.0 0.419139862061
634.0 0.404119491577
634.0 0.182867050171
617.0 0.825881958008
592.0 0.623941421509
581.0 0.453948974609
578.0 0.401020050049
578.0 0.184059143066
578.0 0.185012817383
566.0 0.401020050049
548.0 0.400066375732
548.0 0.173091888428
548.0 0.217914581299
548.0 0.180006027222
548.0 0.16713142395
548.0 0.224113464355
548.0 0.0109672546387
548.0 0.16713142395
548.0 0.165939331055
548.0 0.16188621521
548.0 0.231027603149
541.0 0.402927398682
533.0 0.380992889404
533.0 0.180959701538
527.0 0.385999679565
514.0 0.378847122192
514.0 0.167846679688
512.0 0.414133071899
512.0 0.163078308105
512.0 0.16713142395
512.0 0.173091888428
512.0 0.179052352905
512.0 0.00882148742676
512.0 0.179052352905
512.0 0.174999237061
511.0 0.387191772461
510.0 0.40602684021
507.0 0.396966934204
506.0 0.396966934204
506.0 0.178813934326
506.0 0.169992446899
506.0 0.173091888428
506.0 0.205993652344
506.0 0.176906585693
506.0 0.169992446899
506.0 0.211000442505
497.0 0.617027282715
497.0 0.328779220581
497.0 0.292778015137
497.0 0.280141830444
497.0 0.284910202026
497.0 0.278949737549
497.0 0.302076339722
497.0 0.290870666504
497.0 0.200986862183
486.0 0.418901443481
486.0 0.16713142395
486.0 0.164031982422
486.0 0.177145004272
486.0 0.166893005371
486.0 0.195026397705
486.0 0.183820724487
486.0 0.185012817383
486.0 0.172138214111
486.0 0.173091888428
486.0 0.164985656738
486.0 0.186204910278
486.0 0.178813934326
486.0 0.183820724487
486.0 0.185012817383
486.0 0.19097328186
486.0 0.226020812988
482.0 0.432014465332
482.0 0.181913375854
482.0 0.169992446899
482.0 0.182151794434
477.0 0.398874282837
452.0 0.40602684021
452.0 0.169992446899
451.0 0.389099121094
451.0 0.189065933228
451.0 0.204086303711
451.0 0.197172164917
451.0 0.245094299316
451.0 0.225067138672
441.0 0.450849533081
436.0 0.450849533081
436.0 0.211000442505
430.0 0.566005706787
430.0 0.0100135803223
430.0 0.208139419556
430.0 0.20694732666
430.0 0.188112258911
428.0 0.399827957153
428.0 0.179052352905
424.0 0.406980514526
423.0 0.412940979004
403.0 0.399112701416
403.0 0.179052352905
403.0 0.169038772583
403.0 0.174045562744
403.0 0.164985656738
390.0 0.397920608521
390.0 0.185966491699
389.0 0.416994094849
389.0 0.179052352905
388.0 0.391960144043
388.0 0.185966491699
388.0 0.187873840332
388.0 0.188827514648
388.0 0.164031982422
388.0 0.189065933228
388.0 0.171184539795
386.0 0.393867492676
386.0 0.174999237061
386.0 0.171184539795
386.0 0.174999237061
385.0 0.397205352783
384.0 0.388145446777
384.0 0.193119049072
384.0 0.182867050171
384.0 0.186204910278
384.0 0.179052352905
384.0 0.181198120117
384.0 0.19097328186
384.0 0.180959701538
384.0 0.0100135803223
384.0 0.220060348511
382.0 0.387907028198
382.0 0.200033187866
382.0 0.172853469849
379.0 0.385046005249
379.0 0.170946121216
379.0 0.00905990600586
379.0 0.179052352905
379.0 0.00882148742676
373.0 0.391006469727
373.0 0.185966491699
370.0 0.400066375732
370.0 0.174999237061
370.0 0.174999237061
370.0 0.170946121216
368.0 0.396013259888
368.0 0.180006027222
368.0 0.191211700439
368.0 0.174045562744
368.0 0.166893005371
362.0 0.396013259888
362.0 0.169992446899
357.0 0.388860702515
357.0 0.217914581299
357.0 0.175952911377
357.0 0.177145004272
357.0 0.185012817383
357.0 0.188827514648
357.0 0.00905990600586
357.0 0.175952911377
357.0 0.174045562744
357.0 0.178813934326
357.0 0.164985656738
357.0 0.184059143066
357.0 0.171184539795
357.0 0.170946121216
357.0 0.00905990600586
357.0 0.00786781311035
357.0 0.169038772583
354.0 0.388145446777
354.0 0.00905990600586
354.0 0.164031982422
354.0 0.174045562744
354.0 0.169992446899
354.0 0.175952911377
354.0 0.173807144165
354.0 0.175952911377
351.0 0.392913818359
351.0 0.172138214111
351.0 0.175952911377
351.0 0.174045562744
351.0 0.176906585693
349.0 0.386953353882
349.0 0.185966491699
349.0 0.00905990600586
349.0 0.170946121216
349.0 0.16713142395
349.0 0.171184539795
349.0 0.185012817383
349.0 0.18310546875
349.0 0.173091888428
349.0 0.171899795532
349.0 0.195026397705
349.0 0.242948532104
341.0 0.379085540771
341.0 0.175952911377
341.0 0.170946121216
329.0 0.385046005249
317.0 0.413179397583
317.0 0.164031982422
317.0 0.178098678589
317.0 0.170946121216
317.0 0.170946121216
317.0 0.170946121216
317.0 0.169038772583
317.0 0.176906585693
304.0 0.391960144043
304.0 0.174999237061
304.0 0.165939331055
304.0 0.18310546875
304.0 0.00905990600586
304.0 0.159978866577
304.0 0.00882148742676
304.0 0.165939331055
302.0 0.378131866455
302.0 0.171184539795
302.0 0.169992446899
294.0 0.391006469727
294.0 0.174045562744
294.0 0.184774398804
294.0 0.172853469849
294.0 0.180959701538
292.0 0.572919845581
292.0 0.310897827148
292.0 0.278949737549
292.0 0.255823135376
289.0 0.630140304565
289.0 0.257968902588
289.0 0.236988067627
289.0 0.0100135803223
289.0 0.193119049072
289.0 0.194072723389
289.0 0.00882148742676
289.0 0.176191329956
289.0 0.190019607544
283.0 0.408887863159
277.0 0.401020050049
277.0 0.0100135803223
277.0 0.204801559448
277.0 0.200033187866
275.0 0.42986869812
275.0 0.175952911377
275.0 0.176191329956
275.0 0.17786026001
275.0 0.192165374756
275.0 0.19383430481
275.0 0.0109672546387
272.0 0.547170639038
272.0 0.180959701538
272.0 0.200033187866
272.0 0.173091888428
272.0 0.168085098267
265.0 0.401020050049
265.0 0.00905990600586
265.0 0.184059143066
265.0 0.174999237061
263.0 0.440120697021
263.0 0.0200271606445
263.0 0.0150203704834
263.0 0.321865081787
263.0 0.288963317871
263.0 0.327825546265
262.0 0.40602684021
253.0 0.395059585571
253.0 0.172138214111
247.0 0.391006469727
247.0 0.182151794434
242.0 0.384092330933
242.0 0.194072723389
242.0 0.180006027222
242.0 0.165939331055
241.0 0.393867492676
241.0 0.169992446899
241.0 0.182867050171
241.0 0.203132629395
241.0 0.174045562744
241.0 0.19383430481
241.0 0.174045562744
241.0 0.180006027222
241.0 0.163078308105
241.0 0.174999237061
241.0 0.00905990600586
241.0 0.170946121216
241.0 0.182151794434
241.0 0.180006027222
241.0 0.168085098267
241.0 0.185012817383
241.0 0.17786026001
241.0 0.184059143066
241.0 0.171899795532
241.0 0.175952911377
241.0 0.185012817383
241.0 0.174999237061
241.0 0.218152999878
241.0 0.173807144165
241.0 0.191926956177
241.0 0.19097328186
241.0 0.329971313477
241.0 0.0150203704834
241.0 0.32114982605
241.0 0.326871871948
241.0 0.327110290527
241.0 0.319004058838
241.0 0.309944152832
240.0 0.743865966797
240.0 0.342130661011
240.0 0.014066696167
240.0 0.320911407471
240.0 0.314950942993
240.0 0.314950942993
240.0 0.325918197632
240.0 0.313997268677
240.0 0.351190567017
236.0 0.757932662964
236.0 0.311136245728
236.0 0.332117080688
236.0 0.303983688354
236.0 0.303983688354
236.0 0.316143035889
236.0 0.34499168396
236.0 0.319957733154
235.0 0.756025314331
235.0 0.014066696167
235.0 0.32901763916
235.0 0.322818756104
235.0 0.014066696167
235.0 0.345945358276
235.0 0.313997268677
235.0 0.0138282775879
235.0 0.0128746032715
233.0 0.734090805054
233.0 0.310897827148
233.0 0.328063964844
233.0 0.313997268677
233.0 0.313997268677
233.0 0.313997268677
233.0 0.311851501465
233.0 0.340938568115
233.0 0.324964523315
233.0 0.313997268677
233.0 0.323057174683
233.0 0.298976898193
233.0 0.298976898193
233.0 0.334024429321
233.0 0.324964523315
233.0 0.307083129883
233.0 0.338077545166
233.0 0.0138282775879
233.0 0.356912612915
233.0 0.330924987793
233.0 0.014066696167
227.0 0.756978988647
227.0 0.014066696167
222.0 0.761032104492
222.0 0.262022018433
222.0 0.298023223877
222.0 0.297069549561
218.0 0.771999359131
218.0 0.372171401978
218.0 0.343084335327
216.0 0.550985336304
216.0 0.252962112427
213.0 0.753879547119
213.0 0.346899032593
213.0 0.324010848999
213.0 0.182867050171
213.0 0.236034393311
213.0 0.222206115723
213.0 0.198125839233
213.0 0.225067138672
213.0 0.194072723389
213.0 0.198125839233
213.0 0.235080718994
213.0 0.190019607544
213.0 0.329971313477
213.0 0.317096710205
213.0 0.380039215088
213.0 0.369071960449
213.0 0.341892242432
206.0 0.756978988647
206.0 0.308990478516
199.0 0.755786895752
199.0 0.332832336426
199.0 0.301122665405
199.0 0.348091125488
199.0 0.327110290527
199.0 0.389814376831
199.0 0.319957733154
199.0 0.362873077393
197.0 0.757932662964
196.0 0.810861587524
196.0 0.322103500366
196.0 0.326156616211
196.0 0.014066696167
196.0 0.0147819519043
196.0 0.014066696167
196.0 0.315189361572
196.0 0.014066696167
196.0 0.344038009644
196.0 0.330924987793
196.0 0.329971313477
196.0 0.34499168396
196.0 0.31304359436
194.0 0.761985778809
194.0 0.340938568115
194.0 0.014066696167
194.0 0.344038009644
194.0 0.308990478516
194.0 0.0150203704834
194.0 0.337839126587
194.0 0.332117080688
194.0 0.322103500366
194.0 0.345945358276
194.0 0.328063964844
194.0 0.364780426025
194.0 0.34499168396
194.0 0.322103500366
194.0 0.0128746032715
194.0 0.32901763916
194.0 0.350952148438
194.0 0.308990478516
194.0 0.335931777954
194.0 0.313997268677
194.0 0.32901763916
194.0 0.424861907959
194.0 0.344038009644
194.0 0.300168991089
194.0 0.298976898193
194.0 0.347852706909
194.0 0.333070755005
194.0 0.294923782349
194.0 0.302076339722
194.0 0.298023223877
194.0 0.33712387085
194.0 0.331878662109
194.0 0.362873077393
194.0 0.287055969238
194.0 0.0159740447998
194.0 0.227928161621
192.0 0.508069992065
192.0 0.298976898193
192.0 0.2760887146
192.0 0.276803970337
192.0 0.294923782349
192.0 0.302076339722
192.0 0.197887420654
192.0 0.19907951355
192.0 0.0150203704834
192.0 0.183820724487
192.0 0.176906585693
192.0 0.202894210815
192.0 0.178098678589
192.0 0.194072723389
192.0 0.195026397705
192.0 0.190019607544
192.0 0.271081924438
192.0 0.316143035889
192.0 0.404119491577
192.0 0.0150203704834
192.0 0.333070755005
192.0 0.311136245728
191.0 0.76699256897
191.0 0.337839126587
191.0 0.331878662109
191.0 0.325918197632
191.0 0.339031219482
191.0 0.322103500366
191.0 0.014066696167
191.0 0.0131130218506
191.0 0.322818756104
191.0 0.314950942993
191.0 0.338792800903
191.0 0.316858291626
191.0 0.360012054443
191.0 0.328063964844
191.0 0.298976898193
191.0 0.014066696167
191.0 0.340223312378
191.0 0.346899032593
182.0 0.741958618164
182.0 0.345945358276
182.0 0.331163406372
182.0 0.370025634766
182.0 0.313997268677
182.0 0.343799591064
182.0 0.014066696167
182.0 0.0131130218506
182.0 0.306844711304
182.0 0.338077545166
182.0 0.364065170288
181.0 0.757217407227
181.0 0.014066696167
181.0 0.36096572876
181.0 0.339031219482
181.0 0.324010848999
181.0 0.368118286133
181.0 0.330924987793
181.0 0.34499168396
181.0 0.349998474121
181.0 0.306129455566
181.0 0.329971313477
181.0 0.324964523315
181.0 0.0138282775879
173.0 0.779867172241
173.0 0.355005264282
173.0 0.314950942993
173.0 0.0128746032715
173.0 0.351905822754
173.0 0.328779220581
173.0 0.342845916748
173.0 0.333070755005
173.0 0.324964523315
173.0 0.0131130218506
173.0 0.305891036987
173.0 0.349998474121
173.0 0.314950942993
173.0 0.310182571411
173.0 0.264883041382
173.0 0.303983688354
173.0 0.0169277191162
173.0 0.329971313477
173.0 0.331878662109
173.0 0.385046005249
173.0 0.285863876343
173.0 0.233888626099
173.0 0.202894210815
173.0 0.204086303711
173.0 0.323057174683
172.0 0.763893127441
171.0 0.741004943848
171.0 0.224113464355
171.0 0.221967697144
171.0 0.193119049072
171.0 0.189065933228
171.0 0.203132629395
171.0 0.267028808594
171.0 0.236034393311
171.0 0.200986862183
171.0 0.25486946106
171.0 0.346183776855
171.0 0.0159740447998
171.0 0.362873077393
171.0 0.339031219482
171.0 0.0131130218506
171.0 0.326871871948
171.0 0.014066696167
171.0 0.31304359436
171.0 0.369071960449
171.0 0.311851501465
170.0 0.745058059692
170.0 0.349998474121
170.0 0.302076339722
170.0 0.32901763916
170.0 0.331163406372
170.0 0.328063964844
170.0 0.356197357178
170.0 0.334024429321
170.0 0.324964523315
170.0 0.359773635864
167.0 0.754833221436
165.0 0.72193145752
165.0 0.384092330933
165.0 0.014066696167
165.0 0.0131130218506
165.0 0.401020050049
165.0 0.356912612915
165.0 0.336885452271
163.0 0.756025314331
163.0 0.31590461731
163.0 0.305891036987
163.0 0.326156616211
163.0 0.349998474121
163.0 0.361919403076
163.0 0.343084335327
163.0 0.308036804199
163.0 0.31304359436
161.0 0.74291229248
161.0 0.301122665405
161.0 0.344038009644
161.0 0.303030014038
161.0 0.357866287231
161.0 0.408887863159
161.0 0.369071960449
161.0 0.349998474121
161.0 0.323057174683
161.0 0.356912612915
161.0 0.326871871948
143.0 0.770807266235
143.0 0.349998474121
143.0 0.324964523315
143.0 0.330924987793
143.0 0.341892242432
143.0 0.29993057251
143.0 0.29993057251
143.0 0.280857086182
143.0 0.32114982605
142.0 0.810861587524
142.0 0.324010848999
141.0 0.627994537354
141.0 0.014066696167
141.0 0.217199325562
141.0 0.275135040283
141.0 0.30779838562
141.0 0.0171661376953
141.0 0.0150203704834
141.0 0.465869903564
141.0 0.0200271606445
141.0 0.430107116699
141.0 0.566005706787
141.0 0.0259876251221
141.0 0.432014465332
141.0 0.313997268677
141.0 0.330924987793
141.0 0.269889831543
141.0 0.462055206299
141.0 0.373125076294
141.0 0.014066696167
141.0 0.332117080688
141.0 0.331163406372
141.0 0.363111495972
141.0 0.354051589966
141.0 0.391960144043
139.0 0.823020935059
139.0 0.392913818359
139.0 0.360012054443
139.0 0.386953353882
139.0 0.328063964844
139.0 0.318050384521
139.0 0.423908233643
136.0 0.906944274902
136.0 0.368118286133
136.0 0.380039215088
136.0 0.367164611816
136.0 0.0159740447998
130.0 0.916957855225
130.0 0.342845916748
130.0 0.324964523315
130.0 0.310897827148
130.0 0.398874282837
130.0 0.330209732056
130.0 0.308990478516
130.0 0.0128746032715
130.0 0.014066696167
130.0 0.378847122192
130.0 0.343799591064
130.0 0.345945358276
130.0 0.014066696167
130.0 0.37693977356
130.0 0.319004058838
130.0 0.342845916748
130.0 0.0138282775879
130.0 0.394105911255
130.0 0.317096710205
130.0 0.327110290527
130.0 0.356912612915
130.0 0.388860702515
130.0 0.334978103638
130.0 0.349044799805
130.0 0.329971313477
130.0 0.399827957153
130.0 0.314950942993
130.0 0.385046005249
130.0 0.314950942993
130.0 0.340938568115
130.0 0.0128746032715
130.0 0.014066696167
130.0 0.326871871948
130.0 0.344038009644
130.0 0.014066696167
130.0 0.336170196533
130.0 0.345945358276
128.0 0.773906707764
128.0 0.291109085083
128.0 0.244140625
128.0 0.0150203704834
128.0 0.326871871948
128.0 0.293970108032
128.0 0.31590461731
128.0 0.0159740447998
128.0 0.344038009644
128.0 0.307083129883
128.0 0.278949737549
128.0 0.277042388916
128.0 0.287055969238
128.0 0.321865081787
128.0 0.231027603149
128.0 0.317096710205
128.0 0.339031219482
128.0 0.298023223877
128.0 0.286817550659
128.0 0.272035598755
128.0 0.28920173645
128.0 0.242948532104
128.0 0.19097328186
128.0 0.216007232666
128.0 0.0100135803223
128.0 0.214099884033
128.0 0.00905990600586
128.0 0.211000442505
128.0 0.21505355835
128.0 0.225067138672
128.0 0.241041183472
128.0 0.181913375854
128.0 0.00882148742676
127.0 0.423908233643
127.0 0.184059143066
127.0 0.179052352905
127.0 0.175952911377
127.0 0.174045562744
127.0 0.00882148742676
127.0 0.00905990600586
127.0 0.192880630493
127.0 0.179052352905
127.0 0.00905990600586
127.0 0.00882148742676
127.0 0.172853469849
127.0 0.196933746338
127.0 0.203132629395
127.0 0.164031982422
127.0 0.187873840332
127.0 0.00905990600586
127.0 0.169992446899
127.0 0.173807144165
127.0 0.208139419556
127.0 0.182151794434
127.0 0.286102294922
127.0 0.177145004272
127.0 0.180006027222
127.0 0.179052352905
127.0 0.209093093872
127.0 0.178098678589
127.0 0.188827514648
127.0 0.180959701538
127.0 0.195980072021
127.0 0.177145004272
127.0 0.00882148742676
127.0 0.169038772583
127.0 0.164031982422
127.0 0.00905990600586
127.0 0.210046768188
127.0 0.185966491699
127.0 0.198841094971
127.0 0.184059143066
127.0 0.174045562744
127.0 0.19383430481
127.0 0.189065933228
127.0 0.190019607544
127.0 0.19907951355
127.0 0.182151794434
127.0 0.177145004272
127.0 0.195026397705
127.0 0.195026397705
127.0 0.16713142395
127.0 0.16713142395
127.0 0.184059143066
127.0 0.175952911377
127.0 0.163793563843
127.0 0.169992446899
126.0 0.430822372437
126.0 0.211000442505
126.0 0.184059143066
126.0 0.192165374756
126.0 0.172138214111
126.0 0.174999237061
126.0 0.185966491699
126.0 0.00905990600586
126.0 0.173091888428
126.0 0.187873840332
126.0 0.195026397705
126.0 0.17786026001
126.0 0.17786026001
126.0 0.209093093872
126.0 0.178098678589
126.0 0.197172164917
126.0 0.185966491699
126.0 0.164985656738
126.0 0.183820724487
126.0 0.19907951355
126.0 0.00882148742676
126.0 0.00786781311035
126.0 0.191211700439
126.0 0.0100135803223
126.0 0.164031982422
126.0 0.17786026001
126.0 0.00905990600586
126.0 0.00786781311035
126.0 0.00905990600586
126.0 0.166893005371
126.0 0.173807144165
126.0 0.194072723389
126.0 0.177145004272
125.0 0.427007675171
125.0 0.181913375854
123.0 0.414848327637
123.0 0.00882148742676
123.0 0.167846679688
123.0 0.23889541626
123.0 0.298023223877
123.0 0.0119209289551
123.0 0.25486946106
123.0 0.0121593475342
123.0 0.31304359436
123.0 0.0159740447998
121.0 0.866889953613
121.0 0.310182571411
121.0 0.277996063232
121.0 0.262022018433
121.0 0.26798248291
121.0 0.270843505859
121.0 0.0131130218506
121.0 0.256061553955
121.0 0.25200843811
121.0 0.26798248291
121.0 0.17786026001
121.0 0.191211700439
121.0 0.185012817383
121.0 0.202178955078
121.0 0.0100135803223
121.0 0.195026397705
121.0 0.189065933228
121.0 0.0200271606445
121.0 0.18310546875
121.0 0.202178955078
121.0 0.176906585693
121.0 0.341892242432
119.0 0.55718421936
119.0 0.195980072021
119.0 0.0109672546387
119.0 0.187158584595
118.0 0.418901443481
118.0 0.172138214111
117.0 0.405788421631
117.0 0.179052352905
117.0 0.167846679688
117.0 0.182867050171
117.0 0.180006027222
117.0 0.167846679688
117.0 0.178098678589
117.0 0.174999237061
117.0 0.00882148742676
117.0 0.169992446899
117.0 0.187158584595
117.0 0.185012817383
117.0 0.00905990600586
117.0 0.181913375854
117.0 0.182867050171
117.0 0.169038772583
117.0 0.181913375854
117.0 0.180959701538
117.0 0.177145004272
117.0 0.174999237061
117.0 0.174045562744
117.0 0.162124633789
117.0 0.00905990600586
117.0 0.180959701538
117.0 0.180959701538
117.0 0.164031982422
117.0 0.19383430481
117.0 0.163078308105
117.0 0.00905990600586
117.0 0.181913375854
117.0 0.00905990600586
117.0 0.171184539795
117.0 0.00882148742676
117.0 0.00905990600586
116.0 0.40602684021
116.0 0.00905990600586
116.0 0.178098678589
116.0 0.196933746338
116.0 0.194072723389
116.0 0.185012817383
116.0 0.189065933228
116.0 0.176906585693
116.0 0.166893005371
116.0 0.00905990600586
116.0 0.00905990600586
116.0 0.00810623168945
116.0 0.189065933228
116.0 0.186920166016
116.0 0.169992446899
116.0 0.170946121216
116.0 0.256061553955
116.0 0.169992446899
116.0 0.176906585693
116.0 0.173091888428
116.0 0.00882148742676
116.0 0.169992446899
116.0 0.169992446899
116.0 0.180959701538
116.0 0.180006027222
116.0 0.164031982422
116.0 0.225067138672
116.0 0.0100135803223
116.0 0.0100135803223
116.0 0.186920166016
116.0 0.244140625
116.0 0.00882148742676
116.0 0.265121459961
116.0 0.203847885132
116.0 0.0100135803223
114.0 0.575065612793
114.0 0.169992446899
114.0 0.164985656738
114.0 0.216007232666
114.0 0.0100135803223
114.0 0.194072723389
114.0 0.00905990600586
114.0 0.194072723389
113.0 0.40602684021
113.0 0.00882148742676
113.0 0.180959701538
113.0 0.185012817383
113.0 0.184059143066
113.0 0.182867050171
113.0 0.173091888428
113.0 0.160932540894
113.0 0.187873840332
113.0 0.00905990600586
113.0 0.169038772583
113.0 0.171899795532
113.0 0.186920166016
113.0 0.185012817383
113.0 0.165939331055
113.0 0.184059143066
113.0 0.165939331055
113.0 0.165939331055
113.0 0.179052352905
113.0 0.181913375854
113.0 0.164031982422
113.0 0.185966491699
113.0 0.159978866577
113.0 0.180959701538
113.0 0.00905990600586
113.0 0.176906585693
113.0 0.170946121216
113.0 0.178098678589
113.0 0.176191329956
113.0 0.00882148742676
113.0 0.176191329956
113.0 0.191926956177
113.0 0.312805175781
113.0 0.257015228271
113.0 0.240087509155
113.0 0.312089920044
113.0 0.322103500366
113.0 0.335931777954
113.0 0.307083129883
113.0 0.263929367065
113.0 0.276803970337
113.0 0.246047973633
113.0 0.300884246826
