241.0 0.622987747192
241.0 0.0231266021729
232.0 0.353097915649
200.0 0.288009643555
190.0 0.287055969238
176.0 0.279903411865
176.0 0.224828720093
164.0 0.0100135803223
164.0 0.197887420654
164.0 0.191926956177
164.0 0.205039978027
164.0 0.200986862183
155.0 0.262022018433
155.0 0.208139419556
155.0 0.205993652344
155.0 0.193119049072
155.0 0.200033187866
155.0 0.201225280762
145.0 0.277042388916
145.0 0.200033187866
145.0 0.201940536499
145.0 0.0109672546387
145.0 0.201940536499
145.0 0.0100135803223
140.0 0.2601146698
140.0 0.00905990600586
140.0 0.198125839233
140.0 0.194072723389
120.0 0.252962112427
120.0 0.188827514648
120.0 0.186920166016
120.0 0.190019607544
120.0 0.19383430481
105.0 0.241041183472
105.0 0.00810623168945
105.0 0.00810623168945
105.0 0.172138214111
105.0 0.174999237061
102.0 0.231981277466
84.0 0.252962112427
84.0 0.00810623168945
84.0 0.177145004272
84.0 0.175952911377
84.0 0.00810623168945
84.0 0.179052352905
84.0 0.176906585693
84.0 0.00810623168945
84.0 0.00691413879395
84.0 0.178098678589
82.0 0.234842300415
82.0 0.00786781311035
82.0 0.00810623168945
82.0 0.00786781311035
82.0 0.00715255737305
71.0 0.230073928833
64.0 0.231027603149
64.0 0.169992446899
64.0 0.186920166016
64.0 0.185012817383
64.0 0.180006027222
64.0 0.164985656738
64.0 0.173807144165
64.0 0.170946121216
64.0 0.00786781311035
64.0 0.00691413879395
64.0 0.182151794434
64.0 0.00810623168945
64.0 0.180006027222
64.0 0.00810623168945
64.0 0.176906585693
64.0 0.00810623168945
64.0 0.172853469849
64.0 0.174045562744
64.0 0.173091888428
64.0 0.191211700439
56.0 0.240087509155
56.0 1.63698196411
56.0 0.204801559448
56.0 0.187158584595
56.0 0.197887420654
56.0 0.19097328186
56.0 0.182151794434
56.0 0.00810623168945
56.0 0.194072723389
56.0 0.00786781311035
56.0 0.00882148742676
56.0 0.190019607544
56.0 0.00715255737305
56.0 0.170946121216
56.0 0.00691413879395
56.0 0.00691413879395
56.0 0.180959701538
56.0 0.00810623168945
56.0 0.00786781311035
56.0 0.178098678589
56.0 0.175952911377
56.0 0.00810623168945
56.0 0.170946121216
56.0 0.211954116821
56.0 0.00786781311035
56.0 0.00905990600586
56.0 0.00810623168945
56.0 0.00905990600586
56.0 0.198841094971
56.0 0.18310546875
56.0 0.00810623168945
52.0 0.251054763794
52.0 0.00810623168945
52.0 0.176191329956
52.0 0.00691413879395
48.0 0.251054763794
48.0 0.174999237061
48.0 0.00810623168945
48.0 0.00786781311035
48.0 0.175952911377
48.0 0.00810623168945
48.0 0.180959701538
48.0 0.169038772583
48.0 0.166893005371
48.0 0.176906585693
48.0 0.00715255737305
48.0 0.00691413879395
48.0 0.165939331055
48.0 0.173091888428
48.0 0.00810623168945
48.0 0.00786781311035
47.0 0.236034393311
47.0 0.164985656738
47.0 0.174045562744
47.0 0.00691413879395
47.0 0.00691413879395
47.0 0.180006027222
47.0 0.00715255737305
47.0 0.00691413879395
47.0 0.00786781311035
47.0 0.189065933228
47.0 0.179052352905
47.0 0.00810623168945
47.0 0.00691413879395
47.0 0.169992446899
47.0 0.169038772583
47.0 0.00810623168945
47.0 0.00786781311035
47.0 0.00786781311035
47.0 0.165939331055
47.0 0.172138214111
42.0 0.241994857788
42.0 0.195980072021
42.0 0.00882148742676
42.0 0.00786781311035
42.0 0.00691413879395
42.0 0.00786781311035
40.0 0.259160995483
40.0 0.178813934326
40.0 0.00691413879395
39.0 0.241994857788
39.0 0.00810623168945
39.0 0.167846679688
39.0 0.00810623168945
39.0 0.166177749634
39.0 0.185012817383
39.0 0.186920166016
39.0 0.174045562744
39.0 0.175952911377
39.0 0.184059143066
39.0 0.00691413879395
39.0 0.00810623168945
39.0 0.164031982422
39.0 0.00691413879395
39.0 0.00715255737305
39.0 0.165939331055
39.0 0.177145004272
39.0 0.169038772583
39.0 0.00810623168945
39.0 0.169992446899
39.0 0.180959701538
39.0 0.189065933228
39.0 0.00786781311035
39.0 0.166177749634
39.0 0.00786781311035
39.0 0.168800354004
39.0 0.00786781311035
39.0 0.168800354004
39.0 0.170946121216
39.0 0.00691413879395
39.0 0.00715255737305
39.0 0.174999237061
39.0 0.00691413879395
39.0 0.00810623168945
39.0 0.188112258911
39.0 0.174045562744
39.0 0.00715255737305
39.0 0.00691413879395
39.0 0.00786781311035
39.0 0.00715255737305
39.0 0.260829925537
36.0 0.257968902588
36.0 0.174045562744
36.0 0.169038772583
36.0 0.00810623168945
36.0 0.180959701538
36.0 0.189065933228
36.0 0.00691413879395
36.0 0.00786781311035
36.0 0.00810623168945
36.0 0.00691413879395
36.0 0.00786781311035
36.0 0.00691413879395
36.0 0.00810623168945
36.0 0.200033187866
36.0 0.165939331055
36.0 0.00715255737305
36.0 0.169992446899
36.0 0.190019607544
36.0 0.00691413879395
36.0 0.00715255737305
36.0 0.00691413879395
36.0 0.00786781311035
36.0 0.00715255737305
36.0 0.00786781311035
36.0 0.00715255737305
33.0 0.327110290527
33.0 0.00882148742676
33.0 0.00882148742676
33.0 0.0100135803223
33.0 0.171899795532
31.0 0.247001647949
31.0 0.00786781311035
31.0 0.180959701538
31.0 0.00786781311035
31.0 0.00691413879395
31.0 0.00810623168945
31.0 0.170946121216
31.0 0.00691413879395
31.0 0.00810623168945
31.0 0.00691413879395
31.0 0.00691413879395
31.0 0.300168991089
31.0 0.32114982605
31.0 0.0121593475342
31.0 0.349998474121
31.0 0.309944152832
31.0 0.0128746032715
31.0 0.0121593475342
31.0 0.0128746032715
31.0 0.0131130218506
31.0 0.0119209289551
31.0 0.0109672546387
31.0 0.00810623168945
31.0 0.352144241333
31.0 0.370979309082
31.0 0.355005264282
31.0 0.341176986694
31.0 0.317096710205
31.0 0.0150203704834
31.0 0.0200271606445
31.0 0.221014022827
31.0 0.00810623168945
31.0 0.00810623168945
31.0 0.00810623168945
31.0 0.00810623168945
31.0 0.00810623168945
31.0 0.00810623168945
31.0 0.174045562744
31.0 0.00715255737305
31.0 0.328063964844
31.0 0.0119209289551
31.0 0.0121593475342
31.0 0.0128746032715
31.0 0.0131130218506
31.0 0.0128746032715
31.0 0.0169277191162
31.0 0.339031219482
31.0 0.014066696167
31.0 0.0100135803223
31.0 0.00882148742676
31.0 0.014066696167
29.0 0.0159740447998
29.0 0.182867050171
29.0 0.00786781311035
29.0 0.00715255737305
29.0 0.191926956177
25.0 0.275135040283
25.0 0.00691413879395
25.0 0.00810623168945
25.0 0.169992446899
25.0 0.00810623168945
25.0 0.190019607544
25.0 0.00786781311035
25.0 0.175952911377
25.0 0.00810623168945
25.0 0.00786781311035
25.0 0.00715255737305
25.0 0.198841094971
25.0 0.192880630493
25.0 0.00810623168945
25.0 0.00786781311035
25.0 0.00715255737305
25.0 0.170946121216
25.0 0.00786781311035
25.0 0.00691413879395
25.0 0.00786781311035
25.0 0.00786781311035
25.0 0.180006027222
25.0 0.170946121216
25.0 0.17786026001
25.0 0.00786781311035
25.0 0.195980072021
25.0 0.00715255737305
24.0 0.282049179077
24.0 0.0100135803223
24.0 0.00715255737305
24.0 0.165939331055
24.0 0.179052352905
24.0 0.00810623168945
24.0 0.00786781311035
24.0 0.00691413879395
24.0 0.00786781311035
24.0 0.241994857788
24.0 0.0100135803223
24.0 0.00786781311035
24.0 0.204086303711
24.0 0.00882148742676
24.0 0.00905990600586
24.0 0.00810623168945
24.0 0.00810623168945
24.0 0.00810623168945
24.0 0.00810623168945
24.0 0.00810623168945
24.0 0.205993652344
24.0 0.00810623168945
24.0 0.00786781311035
24.0 0.00810623168945
24.0 0.00810623168945
24.0 0.00810623168945
24.0 0.18310546875
24.0 0.00810623168945
24.0 0.00810623168945
24.0 0.00786781311035
24.0 0.00810623168945
24.0 0.00691413879395
24.0 0.00786781311035
24.0 0.00786781311035
24.0 0.229835510254
24.0 0.00786781311035
24.0 0.193119049072
24.0 0.00810623168945
24.0 0.195026397705
24.0 0.00786781311035
24.0 0.00786781311035
24.0 0.186920166016
24.0 0.185012817383
24.0 0.014066696167
24.0 0.00786781311035
24.0 0.00786781311035
23.0 0.290870666504
23.0 0.241994857788
23.0 0.00810623168945
23.0 0.201225280762
23.0 0.00786781311035
23.0 0.0100135803223
23.0 0.204086303711
23.0 0.00810623168945
23.0 0.00810623168945
23.0 0.00810623168945
23.0 0.00905990600586
23.0 0.00810623168945
23.0 0.00810623168945
23.0 0.00786781311035
23.0 0.205993652344
23.0 0.212907791138
23.0 0.00786781311035
23.0 0.00810623168945
23.0 0.200986862183
23.0 0.00810623168945
23.0 0.00810623168945
23.0 0.19097328186
23.0 0.00810623168945
23.0 0.00810623168945
23.0 0.00786781311035
23.0 0.00786781311035
23.0 0.00786781311035
23.0 0.204086303711
23.0 0.00905990600586
23.0 0.181913375854
23.0 0.00810623168945
23.0 0.00810623168945
23.0 0.00786781311035
23.0 0.00786781311035
23.0 0.00810623168945
23.0 0.00882148742676
23.0 0.00810623168945
23.0 0.00786781311035
23.0 0.00786781311035
23.0 0.00810623168945
23.0 0.00786781311035
23.0 0.00905990600586
23.0 0.197172164917
23.0 0.00810623168945
23.0 0.00786781311035
23.0 0.202894210815
23.0 0.00786781311035
23.0 0.190019607544
23.0 0.190019607544
23.0 0.00786781311035
23.0 0.211954116821
23.0 0.192165374756
23.0 0.00810623168945
23.0 0.00810623168945
23.0 0.00786781311035
23.0 0.00786781311035
23.0 0.00786781311035
23.0 0.00786781311035
23.0 0.00786781311035
23.0 0.18310546875
23.0 0.190019607544
23.0 0.00786781311035
23.0 0.00786781311035
23.0 0.00810623168945
23.0 0.00786781311035
23.0 0.00786781311035
23.0 0.00810623168945
23.0 0.205039978027
23.0 0.20694732666
23.0 0.00905990600586
23.0 0.00786781311035
23.0 0.00786781311035
23.0 0.208139419556
23.0 0.198841094971
23.0 0.194072723389
23.0 0.00786781311035
23.0 0.00810623168945
23.0 0.00905990600586
23.0 0.00786781311035
23.0 0.00810623168945
23.0 0.00810623168945
23.0 0.00810623168945
23.0 0.00786781311035
23.0 0.00786781311035
23.0 0.00810623168945
23.0 0.00810623168945
23.0 0.203132629395
23.0 0.00786781311035
23.0 0.00905990600586
23.0 0.00786781311035
23.0 0.00810623168945
23.0 0.00691413879395
23.0 0.00786781311035
23.0 0.00810623168945
23.0 0.00810623168945
23.0 0.00786781311035
23.0 0.184059143066
23.0 0.182867050171
23.0 0.00810623168945
23.0 0.00905990600586
23.0 0.0178813934326
23.0 0.191926956177
23.0 0.202894210815
23.0 0.00905990600586
23.0 0.00786781311035
23.0 0.00882148742676
23.0 0.00786781311035
23.0 0.00786781311035
23.0 0.00905990600586
23.0 0.00786781311035
23.0 0.00905990600586
23.0 0.00810623168945
23.0 0.00810623168945
23.0 0.201940536499
23.0 0.00786781311035
23.0 0.00786781311035
23.0 0.00786781311035
23.0 0.00786781311035
23.0 0.00810623168945
23.0 0.00786781311035
23.0 0.00786781311035
23.0 0.211000442505
23.0 0.210046768188
23.0 0.00905990600586
23.0 0.00786781311035
23.0 0.00786781311035
23.0 0.00786781311035
23.0 0.00810623168945
23.0 0.00786781311035
23.0 0.00905990600586
23.0 0.00786781311035
23.0 0.00810623168945
23.0 0.00786781311035
23.0 0.00810623168945
23.0 0.00786781311035
23.0 0.00786781311035
23.0 0.00786781311035
23.0 0.00786781311035
23.0 0.00786781311035
23.0 0.196933746338
23.0 0.00905990600586
23.0 0.182867050171
22.0 0.300884246826
22.0 0.00810623168945
22.0 0.00786781311035
22.0 0.00810623168945
22.0 0.00810623168945
22.0 0.214815139771
22.0 0.00810623168945
22.0 0.00810623168945
22.0 0.00786781311035
22.0 0.00786781311035
22.0 0.241994857788
22.0 0.00786781311035
22.0 0.00810623168945
22.0 0.00786781311035
22.0 0.00810623168945
22.0 0.00905990600586
22.0 0.184774398804
22.0 0.00786781311035
22.0 0.00905990600586
22.0 0.00810623168945
22.0 0.00810623168945
22.0 0.00810623168945
22.0 0.00786781311035
22.0 0.00715255737305
22.0 0.00786781311035
22.0 0.00810623168945
22.0 0.192165374756
22.0 0.00786781311035
22.0 0.00810623168945
22.0 0.19097328186
22.0 0.00882148742676
22.0 0.00810623168945
22.0 0.00810623168945
22.0 0.00810623168945
21.0 0.287055969238
21.0 0.00905990600586
21.0 0.00905990600586
21.0 0.00882148742676
21.0 0.00810623168945
21.0 0.00882148742676
21.0 0.00810623168945
21.0 0.00786781311035
21.0 0.00810623168945
21.0 0.203132629395
21.0 0.00810623168945
21.0 0.00810623168945
21.0 0.00810623168945
21.0 0.00905990600586
21.0 0.00810623168945
21.0 0.182867050171
21.0 0.182867050171
21.0 0.00786781311035
21.0 0.00810623168945
21.0 0.192165374756
21.0 0.00810623168945
21.0 0.00810623168945
21.0 0.19097328186
21.0 0.00786781311035
21.0 0.00810623168945
21.0 0.185966491699
21.0 0.00905990600586
21.0 0.00786781311035
21.0 0.00810623168945
21.0 0.0240802764893
21.0 0.336885452271
21.0 0.0131130218506
21.0 0.0131130218506
21.0 0.361204147339
21.0 0.367879867554
21.0 0.0119209289551
21.0 0.0131130218506
21.0 0.0121593475342
21.0 0.0119209289551
21.0 0.0121593475342
21.0 0.346183776855
21.0 0.0119209289551
21.0 0.335931777954
21.0 0.0121593475342
21.0 0.0128746032715
21.0 0.0119209289551
21.0 0.0119209289551
21.0 0.0128746032715
21.0 0.0109672546387
21.0 0.368118286133
21.0 0.0131130218506
21.0 0.0121593475342
21.0 0.0128746032715
21.0 0.0121593475342
21.0 0.0109672546387
21.0 0.0131130218506
21.0 0.0119209289551
21.0 0.0119209289551
21.0 0.0121593475342
21.0 0.0128746032715
21.0 0.014066696167
21.0 0.0128746032715
21.0 0.00977516174316
21.0 0.00977516174316
21.0 0.0219345092773
21.0 0.0221729278564
21.0 0.0138282775879
21.0 0.0150203704834
21.0 0.0147819519043
21.0 0.394105911255
21.0 0.385999679565
21.0 0.0150203704834
21.0 0.363111495972
21.0 0.0150203704834
20.0 0.419855117798
20.0 0.00905990600586
20.0 0.191926956177
20.0 0.00786781311035
20.0 0.00810623168945
19.0 0.319004058838
19.0 0.00905990600586
19.0 0.028133392334
19.0 0.308036804199
19.0 0.0128746032715
19.0 0.0131130218506
19.0 0.0119209289551
19.0 0.353813171387
19.0 0.0288486480713
19.0 0.00905990600586
19.0 0.00977516174316
19.0 0.0121593475342
19.0 0.0131130218506
19.0 0.185012817383
19.0 0.00810623168945
19.0 0.00691413879395
19.0 0.00786781311035
19.0 0.00715255737305
19.0 0.00691413879395
19.0 0.00715255737305
19.0 0.00715255737305
19.0 0.00715255737305
19.0 0.00715255737305
19.0 0.00715255737305
19.0 0.00810623168945
19.0 0.00786781311035
19.0 0.00786781311035
19.0 0.19907951355
18.0 0.307083129883
18.0 0.00810623168945
18.0 0.174045562744
18.0 0.179052352905
18.0 0.00810623168945
18.0 0.00810623168945
18.0 0.00715255737305
18.0 0.00810623168945
18.0 0.00786781311035
18.0 0.187158584595
18.0 0.00715255737305
18.0 0.00786781311035
17.0 0.277996063232
17.0 0.00786781311035
17.0 0.00691413879395
17.0 0.00691413879395
17.0 0.182867050171
17.0 0.00691413879395
17.0 0.174999237061
17.0 0.184059143066
17.0 0.00786781311035
17.0 0.00786781311035
17.0 0.00810623168945
17.0 0.00882148742676
17.0 0.00810623168945
17.0 0.00715255737305
17.0 0.18310546875
17.0 0.00905990600586
17.0 0.200986862183
17.0 0.180006027222
17.0 0.19097328186
17.0 0.00786781311035
17.0 0.00715255737305
17.0 0.197887420654
17.0 0.193119049072
17.0 0.00715255737305
17.0 0.184059143066
17.0 0.00715255737305
17.0 0.00810623168945
17.0 0.173091888428
17.0 0.00810623168945
17.0 0.172138214111
17.0 0.200986862183
17.0 0.00882148742676
17.0 0.00786781311035
17.0 0.00786781311035
17.0 0.00810623168945
17.0 0.202894210815
17.0 0.00810623168945
17.0 0.00810623168945
17.0 0.00786781311035
17.0 0.00810623168945
16.0 0.37407875061
16.0 0.00810623168945
16.0 0.00786781311035
16.0 0.00810623168945
16.0 0.00882148742676
16.0 0.200986862183
16.0 0.00810623168945
16.0 0.00786781311035
16.0 0.00810623168945
16.0 0.00810623168945
16.0 0.00786781311035
16.0 0.00810623168945
16.0 0.00882148742676
16.0 0.19097328186
16.0 0.00905990600586
16.0 0.00810623168945
16.0 0.00905990600586
16.0 0.00905990600586
16.0 0.00905990600586
16.0 0.00810623168945
16.0 0.00786781311035
16.0 0.00810623168945
16.0 0.205993652344
16.0 0.00905990600586
16.0 0.00810623168945
16.0 0.00810623168945
16.0 0.00786781311035
16.0 0.00786781311035
16.0 0.237941741943
16.0 0.00905990600586
16.0 0.196933746338
16.0 0.00882148742676
16.0 0.00786781311035
16.0 0.00810623168945
16.0 0.00810623168945
16.0 0.26798248291
16.0 0.231027603149
16.0 0.00905990600586
16.0 0.00905990600586
16.0 0.00905990600586
16.0 0.00905990600586
16.0 0.00786781311035
16.0 0.00786781311035
16.0 0.00786781311035
16.0 0.00905990600586
16.0 0.00905990600586
16.0 0.205039978027
16.0 0.00882148742676
16.0 0.00786781311035
16.0 0.00882148742676
16.0 0.00810623168945
16.0 0.00810623168945
16.0 0.00905990600586
16.0 0.00786781311035
16.0 0.00810623168945
16.0 0.00810623168945
16.0 0.00810623168945
16.0 0.00786781311035
16.0 0.00810623168945
16.0 0.00810623168945
16.0 0.00810623168945
16.0 0.00786781311035
16.0 0.00905990600586
16.0 0.00905990600586
16.0 0.00786781311035
16.0 0.00810623168945
16.0 0.00810623168945
16.0 0.00786781311035
16.0 0.00810623168945
16.0 0.00810623168945
16.0 0.175952911377
16.0 0.00691413879395
16.0 0.00691413879395
16.0 0.00715255737305
16.0 0.00810623168945
16.0 0.00810623168945
16.0 0.00810623168945
16.0 0.00786781311035
16.0 0.00786781311035
16.0 0.00786781311035
16.0 0.00786781311035
16.0 0.00786781311035
16.0 0.00882148742676
16.0 0.00810623168945
16.0 0.00786781311035
16.0 0.00810623168945
16.0 0.00715255737305
16.0 0.00786781311035
16.0 0.196218490601
16.0 0.00810623168945
16.0 0.00715255737305
16.0 0.00810623168945
16.0 0.174999237061
16.0 0.00786781311035
16.0 0.00691413879395
16.0 0.00691413879395
16.0 0.00691413879395
16.0 0.00691413879395
16.0 0.00810623168945
16.0 0.00810623168945
16.0 0.00786781311035
16.0 0.00810623168945
16.0 0.00810623168945
16.0 0.176906585693
16.0 0.00691413879395
16.0 0.00810623168945
16.0 0.00810623168945
16.0 0.00715255737305
16.0 0.00691413879395
16.0 0.00810623168945
16.0 0.00691413879395
16.0 0.00715255737305
16.0 0.00810623168945
16.0 0.00691413879395
16.0 0.00715255737305
16.0 0.195026397705
16.0 0.00810623168945
16.0 0.00691413879395
16.0 0.174045562744
16.0 0.00715255737305
16.0 0.00691413879395
16.0 0.00715255737305
16.0 0.00810623168945
16.0 0.00810623168945
16.0 0.00810623168945
16.0 0.00715255737305
16.0 0.00786781311035
16.0 0.00905990600586
16.0 0.00786781311035
16.0 0.00691413879395
16.0 0.00786781311035
16.0 0.00691413879395
16.0 0.00810623168945
16.0 0.00786781311035
16.0 0.00691413879395
16.0 0.00810623168945
16.0 0.00715255737305
16.0 0.00691413879395
16.0 0.00691413879395
16.0 0.00715255737305
16.0 0.00810623168945
16.0 0.00810623168945
16.0 0.00810623168945
16.0 0.00810623168945
16.0 0.00691413879395
16.0 0.00691413879395
16.0 0.00810623168945
16.0 0.301122665405
16.0 0.014066696167
16.0 0.0131130218506
16.0 0.0131130218506
16.0 0.0119209289551
16.0 0.0219345092773
16.0 0.0131130218506
16.0 0.0128746032715
16.0 0.0159740447998
16.0 0.0119209289551
16.0 0.014066696167
16.0 0.014066696167
16.0 0.0112056732178
16.0 0.00810623168945
16.0 0.0150203704834
16.0 0.0100135803223
16.0 0.00810623168945
16.0 0.00715255737305
16.0 0.213861465454
16.0 0.00786781311035
16.0 0.00905990600586
16.0 0.00715255737305
16.0 0.198125839233
16.0 0.00786781311035
16.0 0.00786781311035
16.0 0.00810623168945
16.0 0.00810623168945
16.0 0.00786781311035
16.0 0.00810623168945
16.0 0.00810623168945
16.0 0.00810623168945
16.0 0.201940536499
16.0 0.00786781311035
16.0 0.197887420654
16.0 0.00786781311035
16.0 0.00715255737305
16.0 0.00715255737305
16.0 0.00786781311035
16.0 0.00786781311035
16.0 0.00810623168945
16.0 0.00715255737305
16.0 0.00786781311035
16.0 0.00786781311035
16.0 0.00786781311035
16.0 0.00715255737305
16.0 0.00715255737305
16.0 0.00786781311035
16.0 0.00905990600586
16.0 0.00715255737305
16.0 0.00786781311035
16.0 0.00786781311035
16.0 0.00786781311035
16.0 0.00810623168945
16.0 0.00691413879395
16.0 0.00691413879395
16.0 0.00905990600586
16.0 0.00786781311035
16.0 0.00905990600586
16.0 0.236034393311
16.0 0.0429153442383
16.0 0.00715255737305
16.0 0.00810623168945
16.0 0.00691413879395
16.0 0.195980072021
16.0 0.00786781311035
16.0 0.00786781311035
16.0 0.00691413879395
16.0 0.00715255737305
16.0 0.00715255737305
16.0 0.00786781311035
16.0 0.00810623168945
16.0 0.00715255737305
16.0 0.200033187866
16.0 0.00810623168945
16.0 0.00715255737305
16.0 0.00691413879395
16.0 0.00786781311035
16.0 0.00715255737305
16.0 0.00715255737305
16.0 0.00715255737305
16.0 0.00715255737305
16.0 0.00810623168945
16.0 0.00810623168945
16.0 0.00810623168945
16.0 0.00786781311035
16.0 0.00691413879395
16.0 0.00810623168945
16.0 0.00810623168945
16.0 0.00810623168945
16.0 0.00691413879395
16.0 0.00810623168945
16.0 0.00786781311035
16.0 0.00786781311035
16.0 0.00810623168945
16.0 0.00691413879395
16.0 0.197887420654
16.0 0.00810623168945
16.0 0.00691413879395
16.0 0.00786781311035
16.0 0.201940536499
16.0 0.00810623168945
16.0 0.00810623168945
16.0 0.00786781311035
16.0 0.00786781311035
16.0 0.00810623168945
16.0 0.00810623168945
15.0 0.328063964844
15.0 0.00810623168945
15.0 0.00715255737305
15.0 0.00715255737305
15.0 0.00715255737305
15.0 0.174999237061
15.0 0.00786781311035
15.0 0.00810623168945
15.0 0.00691413879395
15.0 0.00691413879395
15.0 0.00691413879395
15.0 0.00691413879395
15.0 0.00691413879395
15.0 0.00786781311035
15.0 0.00691413879395
15.0 0.00691413879395
15.0 0.177145004272
15.0 0.0131130218506
15.0 0.014066696167
15.0 0.0109672546387
15.0 0.00810623168945
15.0 0.00786781311035
15.0 0.00786781311035
15.0 0.00691413879395
15.0 0.00715255737305
15.0 0.00810623168945
15.0 0.00810623168945
15.0 0.00691413879395
15.0 0.00810623168945
15.0 0.00810623168945
15.0 0.00691413879395
15.0 0.00810623168945
15.0 0.00715255737305
15.0 0.00810623168945
15.0 0.00810623168945
15.0 0.00786781311035
15.0 0.00691413879395
15.0 0.00691413879395
15.0 0.00715255737305
15.0 0.194787979126
15.0 0.00786781311035
15.0 0.00786781311035
15.0 0.00786781311035
15.0 0.00691413879395
15.0 0.00691413879395
15.0 0.00691413879395
15.0 0.204086303711
15.0 0.00810623168945
15.0 0.00810623168945
15.0 0.00715255737305
15.0 0.00691413879395
15.0 0.00691413879395
15.0 0.00810623168945
15.0 0.00691413879395
15.0 0.209093093872
15.0 0.00810623168945
15.0 0.00715255737305
15.0 0.00905990600586
