595477.0 11338.2439613
595477.0 741.413831711
595477.0 154.699087143
595475.0 338.38391304
595475.0 154.815912247
595473.0 938.627004623
595471.0 339.194059372
595429.0 334.941148758
595429.0 729.455947876
595397.0 386.622905731
595391.0 449.48387146
595388.0 370.998859406
595381.0 1000.34499168
595381.0 155.202865601
595378.0 392.656087875
595375.0 1077.68797874
595375.0 185.805082321
595375.0 152.719974518
595372.0 335.128068924
595356.0 960.479974747
595356.0 159.049987793
595309.0 335.456848145
595309.0 735.430002213
595282.0 335.471868515
595282.0 216.038942337
595236.0 339.689970016
595230.0 944.275140762
595230.0 154.787063599
595212.0 333.456039429
595212.0 741.451025009
595212.0 161.025047302
595211.0 342.399120331
595208.0 331.043958664
595205.0 892.785072327
595205.0 154.635906219
595181.0 332.42893219
595162.0 946.423053741
595155.0 348.961830139
595155.0 156.634807587
595130.0 335.451841354
595087.0 1050.9390831
595054.0 333.763837814
595054.0 155.477046967
594981.0 933.981180191
594981.0 159.879922867
594955.0 342.885017395
594946.0 339.701890945
594941.0 971.430063248
594852.0 463.90414238
594852.0 174.304008484
594835.0 940.448045731
594771.0 345.036029816
594771.0 166.417121887
594759.0 353.813886642
594719.0 952.128887177
594718.0 345.803976059
594713.0 350.675821304
594693.0 939.285039902
594669.0 393.337965012
594669.0 165.70019722
594667.0 396.921873093
594642.0 1005.79094887
594642.0 168.276071548
594632.0 373.156070709
594632.0 1011.32106781
594554.0 377.771854401
594553.0 454.819917679
594553.0 205.559015274
594553.0 783.310174942
594553.0 166.835069656
594553.0 176.47600174
594553.0 758.449077606
594552.0 354.355096817
594552.0 167.86813736
594546.0 348.896026611
594546.0 762.546062469
594484.0 341.286897659
594484.0 159.599065781
594484.0 790.92502594
594484.0 171.684980392
594423.0 378.443002701
594423.0 174.322843552
594396.0 977.657079697
594396.0 173.893928528
594396.0 165.307998657
594346.0 1007.71594048
594318.0 359.700918198
594318.0 163.579940796
594318.0 173.288106918
594277.0 1020.89214325
594252.0 359.606981277
594252.0 168.200969696
594252.0 775.24805069
594252.0 165.133953094
594231.0 358.802080154
594196.0 348.271131516
594196.0 782.335042953
594168.0 358.322143555
594167.0 358.75082016
594132.0 962.847948074
594132.0 169.353961945
594118.0 373.231172562
594053.0 358.7911129
594046.0 958.76789093
594046.0 167.098999023
594036.0 440.81902504
594034.0 968.888044357
594024.0 380.131959915
594024.0 183.31193924
594024.0 167.973041534
594010.0 965.312004089
593971.0 347.560882568
593971.0 173.096179962
593946.0 972.707986832
593927.0 349.149942398
593927.0 168.915987015
593915.0 341.512203217
593913.0 944.887876511
593884.0 342.596054077
593884.0 154.849052429
593884.0 726.680040359
593884.0 153.080940247
593884.0 153.332948685
593869.0 318.598031998
593858.0 925.137996674
593858.0 155.586004257
593815.0 330.589056015
593815.0 796.903133392
593808.0 397.541999817
593796.0 407.369852066
593753.0 385.824918747
593705.0 1234.39598083
593665.0 462.774991989
593653.0 361.197948456
593653.0 782.572984695
593596.0 348.957061768
593596.0 163.38300705
593585.0 356.85300827
593585.0 749.337911606
593559.0 353.986024857
593545.0 340.063095093
593545.0 991.801977158
593545.0 175.751924515
593512.0 381.769180298
593512.0 174.128055573
593506.0 975.463867188
593506.0 166.585922241
593506.0 161.009073257
593493.0 1024.00588989
593492.0 351.071119308
593492.0 165.842056274
593439.0 386.686086655
593404.0 971.20308876
593388.0 359.266996384
593388.0 171.788930893
593388.0 772.161006927
593388.0 164.284944534
593360.0 357.802867889
593323.0 360.137939453
593277.0 925.554037094
593260.0 340.87395668
593233.0 338.790893555
593233.0 750.973939896
593233.0 159.543991089
593233.0 160.418987274
593233.0 160.85100174
593193.0 932.277917862
593147.0 349.974155426
593136.0 370.7010746
593125.0 947.12305069
593125.0 171.464920044
593114.0 358.458042145
593108.0 360.97407341
593099.0 960.615873337
593071.0 348.373889923
593071.0 160.091876984
593071.0 729.364156723
593026.0 333.168983459
593013.0 350.704908371
593011.0 334.628820419
592997.0 949.239015579
592997.0 177.357912064
592997.0 172.894954681
592997.0 784.88612175
592984.0 334.853887558
592984.0 158.393144608
592984.0 158.935070038
592984.0 744.044065475
592976.0 374.452829361
592968.0 361.191034317
592951.0 934.99994278
592942.0 323.12297821
592932.0 335.937976837
592874.0 328.356981277
592874.0 742.954015732
592874.0 156.524181366
592856.0 338.486909866
592810.0 930.546045303
592773.0 363.674163818
592746.0 331.340074539
592746.0 169.823169708
592746.0 760.0440979
592720.0 367.499113083
592698.0 342.853069305
592698.0 753.790855408
592660.0 353.180885315
592651.0 345.139026642
592651.0 159.911155701
592606.0 924.059152603
592606.0 153.397083282
592606.0 160.514831543
592603.0 927.505016327
592603.0 162.657022476
592603.0 169.842004776
592558.0 342.967033386
592558.0 761.8060112
592527.0 335.442066193
592521.0 363.108873367
592504.0 986.032962799
592504.0 161.862850189
592495.0 361.297130585
592460.0 344.81215477
592439.0 912.115097046
592388.0 329.925060272
592334.0 337.842941284
592334.0 739.790916443
592334.0 155.219078064
592334.0 154.543876648
592322.0 335.26802063
592322.0 737.648963928
592322.0 160.953998566
592322.0 161.926031113
592322.0 764.344930649
592288.0 460.62207222
592241.0 481.640815735
592241.0 156.504869461
592176.0 993.505001068
592176.0 159.788131714
592176.0 158.56719017
592147.0 925.541162491
592147.0 167.474031448
592086.0 355.0760746
592058.0 352.851867676
592058.0 837.25810051
592058.0 194.842815399
592006.0 330.263137817
591958.0 948.058843613
591947.0 339.326858521
591930.0 382.850170135
591914.0 339.348077774
591914.0 775.471925735
591894.0 331.872940063
591852.0 429.48102951
591852.0 735.82816124
591848.0 331.197977066
591792.0 336.884975433
591792.0 159.111022949
591768.0 942.643165588
591746.0 329.722881317
591746.0 153.26499939
591735.0 911.526918411
591724.0 324.526071548
591724.0 155.761003494
591724.0 155.871868134
591708.0 906.138896942
591695.0 334.87200737
591695.0 155.179023743
591666.0 905.047893524
591659.0 337.976932526
591659.0 155.52520752
591659.0 156.160116196
591659.0 732.641935349
591650.0 339.912176132
591595.0 335.76798439
591595.0 738.972902298
591576.0 337.529182434
591558.0 336.219072342
591533.0 335.26802063
591533.0 733.659029007
591514.0 336.339950562
591514.0 159.906148911
591514.0 737.053155899
591514.0 155.79199791
591514.0 158.470869064
591514.0 157.547950745
591514.0 731.669902802
591465.0 330.325126648
591457.0 336.482048035
591457.0 739.675998688
591442.0 325.408935547
591387.0 330.435991287
591311.0 335.267066956
591311.0 728.486061096
591311.0 163.180112839
591310.0 338.021039963
591310.0 735.047101974
591310.0 153.463125229
591310.0 176.758050919
591290.0 457.309961319
591290.0 730.68189621
591288.0 338.349103928
591284.0 378.791093826
591284.0 827.593803406
591277.0 307.655096054
591277.0 139.263868332
591277.0 140.086889267
591277.0 734.421014786
591275.0 307.368040085
591275.0 143.579959869
591275.0 671.428918839
591275.0 151.515007019
591247.0 311.015129089
591247.0 147.462129593
591179.0 839.874982834
591169.0 313.11416626
591169.0 145.102024078
591151.0 870.162963867
591089.0 320.215940475
591003.0 312.705993652
591003.0 145.303010941
591003.0 688.443899155
590992.0 333.420991898
590974.0 315.1512146
590921.0 966.16101265
590911.0 355.846881866
590911.0 176.7141819
590911.0 170.729160309
590898.0 815.732002258
590898.0 149.415969849
590898.0 155.261993408
590847.0 862.860918045
590847.0 145.196199417
590788.0 309.062957764
590788.0 152.750015259
590779.0 1012.20488548
590754.0 402.050971985
590754.0 192.085027695
590754.0 793.174982071
590734.0 421.853065491
590734.0 187.201976776
590706.0 407.18793869
590706.0 793.545007706
590706.0 189.454078674
590706.0 185.294151306
590700.0 1019.30999756
590700.0 192.909955978
590684.0 412.973165512
590680.0 407.920122147
590680.0 792.083978653
590679.0 406.509160995
590679.0 244.39907074
590632.0 1041.1901474
590600.0 422.147035599
590590.0 398.842811584
590577.0 402.34208107
590572.0 993.270158768
590572.0 187.798976898
590572.0 188.009023666
590534.0 1003.3800602
590522.0 404.156923294
590522.0 183.437108994
590522.0 186.844110489
590514.0 991.698026657
590514.0 189.738988876
590468.0 404.034852982
590451.0 976.52888298
590451.0 186.627149582
590451.0 183.88915062
590419.0 397.515058517
590397.0 1040.15111923
590387.0 395.936965942
590331.0 393.754005432
590290.0 1028.88607979
590290.0 233.043909073
590290.0 185.297012329
590290.0 184.777021408
590290.0 805.209159851
590290.0 184.086084366
590290.0 184.271812439
590290.0 1028.96380424
590290.0 184.193849564
590290.0 192.354917526
590271.0 397.676944733
590271.0 1039.249897
590255.0 403.337955475
590173.0 397.053003311
590160.0 980.117082596
590149.0 473.08588028
590134.0 491.878032684
590120.0 527.980089188
590120.0 845.237016678
590120.0 192.257881165
590115.0 399.277925491
590115.0 843.000888824
590115.0 194.859027863
590115.0 198.222160339
590105.0 451.300144196
590082.0 1088.83690834
590082.0 250.005960464
590082.0 194.557189941
590082.0 893.023967743
590053.0 453.101158142
590022.0 504.338026047
589966.0 472.638845444
589966.0 962.097883224
589932.0 458.77790451
589929.0 433.599948883
589907.0 1169.18492317
589907.0 199.527025223
589906.0 449.465990067
589906.0 326.670885086
589857.0 1243.60489845
589833.0 453.96900177
589833.0 216.952085495
589745.0 1302.79397964
589733.0 481.061935425
589729.0 461.85708046
589695.0 504.009962082
589689.0 1214.97297287
589689.0 208.895921707
589689.0 214.80512619
589689.0 900.539159775
589689.0 218.741893768
589689.0 211.38882637
589684.0 467.589139938
589684.0 985.409021378
589666.0 490.761041641
589666.0 217.298030853
589660.0 1193.3400631
589660.0 294.67010498
589660.0 329.046010971
589660.0 312.233924866
589660.0 906.040906906
589618.0 416.051149368
589618.0 187.647819519
589601.0 1282.8130722
589568.0 586.371898651
589568.0 208.446025848
589545.0 509.104013443
589477.0 1303.26104164
589477.0 197.471141815
589429.0 438.529968262
589429.0 977.123022079
589429.0 184.144020081
589406.0 401.872873306
589406.0 185.771942139
589406.0 821.109056473
589338.0 434.447050095
589338.0 267.358064651
589335.0 1011.92498207
589322.0 412.664175034
589322.0 182.943820953
589322.0 185.390949249
589256.0 976.834774017
589247.0 404.614925385
589226.0 400.347948074
589226.0 793.016910553
589226.0 185.861110687
589188.0 398.392915726
589187.0 397.665023804
589179.0 989.814043045
589166.0 397.970914841
589160.0 396.630048752
589160.0 768.269062042
589143.0 398.641109467
589143.0 184.332132339
589136.0 397.572040558
589122.0 980.08108139
589107.0 397.827863693
589068.0 397.099018097
589062.0 1182.17897415
589062.0 182.631015778
589059.0 394.831180573
589059.0 182.523965836
589051.0 983.309984207
589051.0 182.044029236
589032.0 392.58313179
589032.0 765.492200851
588965.0 395.575046539
588965.0 184.136152267
588957.0 396.384000778
588921.0 974.467992783
588912.0 395.7259655
588912.0 183.123826981
588880.0 935.086965561
588799.0 294.192075729
588799.0 136.709928513
588755.0 291.127920151
588750.0 788.424968719
588739.0 292.152166367
588737.0 293.382883072
588737.0 637.058019638
588706.0 292.411804199
588706.0 136.754989624
588706.0 139.522075653
588674.0 794.922828674
588674.0 137.268066406
588618.0 291.007041931
588618.0 638.666152954
588618.0 136.704921722
588618.0 137.96210289
588618.0 136.76404953
588618.0 634.076118469
588618.0 137.762069702
588605.0 296.036958694
588605.0 636.221170425
588605.0 144.258022308
588596.0 294.95215416
588596.0 137.875080109
588562.0 789.06583786
588562.0 137.475013733
588562.0 136.548042297
588562.0 640.710115433
588559.0 294.781923294
588559.0 137.418031693
588559.0 137.315988541
588533.0 787.264823914
588533.0 138.107061386
588533.0 136.303901672
588525.0 796.028137207
588521.0 293.233156204
588520.0 293.205976486
588511.0 295.6199646
588511.0 635.715007782
588477.0 292.238950729
588477.0 137.081861496
588477.0 640.143156052
588477.0 138.414859772
588464.0 292.373895645
588447.0 294.366121292
588423.0 788.39302063
588423.0 137.548923492
588417.0 293.174028397
588417.0 644.335985184
588417.0 140.100955963
588386.0 291.731119156
588386.0 138.283967972
588351.0 788.486003876
588351.0 138.090848923
588316.0 293.138980865
588298.0 795.496940613
588255.0 291.386127472
588255.0 138.277053833
588253.0 293.276786804
588253.0 633.767127991
588253.0 137.634992599
588253.0 136.692047119
588251.0 793.529987335
588213.0 292.952060699
588193.0 292.284965515
588177.0 295.395851135
588177.0 632.723093033
588177.0 136.868000031
588123.0 295.567989349
588112.0 791.934967041
588101.0 296.404123306
588101.0 137.778043747
588101.0 138.142108917
588101.0 635.138988495
588101.0 138.128995895
588101.0 136.407136917
588101.0 637.659072876
588090.0 294.21210289
588090.0 137.985944748
588061.0 292.257070541
588045.0 790.981054306
588045.0 136.622905731
588038.0 301.40709877
588038.0 642.93885231
588020.0 294.771909714
588006.0 292.464971542
588006.0 137.140035629
587999.0 791.89491272
587990.0 294.187784195
587966.0 294.75402832
587966.0 636.143922806
587966.0 136.234045029
587939.0 295.120000839
587939.0 137.143135071
587939.0 632.789850235
587939.0 137.900829315
587930.0 293.214082718
587930.0 642.248868942
587930.0 138.731002808
587930.0 137.78591156
587930.0 137.070894241
587930.0 634.183883667
587929.0 292.809009552
587929.0 137.270927429
587929.0 650.983810425
587906.0 307.267904282
587893.0 297.039985657
587893.0 166.391849518
587887.0 797.68705368
587863.0 298.44212532
587843.0 329.947948456
587774.0 831.68387413
587761.0 306.915998459
587761.0 146.631002426
587761.0 145.443916321
587761.0 642.050027847
587761.0 136.611938477
587761.0 138.440132141
587718.0 917.946100235
587718.0 240.453958511
587711.0 358.546972275
587711.0 180.746078491
587711.0 792.520999908
587708.0 371.978998184
587708.0 188.16280365
587701.0 986.024141312
587701.0 154.006004333
587701.0 152.299880981
587701.0 177.705049515
587701.0 851.104974747
587696.0 421.924114227
587668.0 333.541154861
587650.0 1062.79802322
587644.0 356.909036636
587639.0 351.589918137
587630.0 435.744047165
587630.0 834.873914719
587622.0 374.92609024
587607.0 351.593971252
587570.0 917.834043503
587570.0 160.795927048
587565.0 333.312988281
587505.0 342.104911804
587494.0 907.073974609
587487.0 329.5109272
587464.0 327.529907227
587453.0 930.429935455
587453.0 154.742956161
587416.0 333.550930023
587416.0 158.008098602
587416.0 732.352018356
587416.0 153.012990952
587416.0 158.931016922
587416.0 741.33014679
587416.0 157.522201538
587416.0 153.128147125
587404.0 330.395936966
587404.0 735.646009445
587404.0 157.961845398
587394.0 332.450151443
587377.0 909.884214401
587377.0 160.711050034
587377.0 156.335830688
587377.0 152.82201767
587349.0 906.359910965
587307.0 335.744857788
587307.0 156.167984009
587300.0 907.410860062
587300.0 159.23500061
587285.0 334.495782852
587285.0 152.29010582
587267.0 906.422138214
587212.0 330.214977264
587162.0 333.424091339
587143.0 907.361030579
587143.0 158.55383873
587132.0 328.425168991
587094.0 329.361915588
587043.0 901.124954224
587009.0 332.015037537
587009.0 155.511856079
587003.0 919.484853745
586989.0 328.753948212
586937.0 329.277992249
586937.0 160.276889801
586895.0 907.427072525
586868.0 331.578969955
586868.0 156.594991684
586868.0 740.710020065
586839.0 328.476905823
586839.0 153.224945068
586802.0 331.437110901
586789.0 915.987968445
586781.0 329.70905304
586758.0 333.810091019
586758.0 735.979795456
586757.0 336.617946625
586757.0 153.712034225
586749.0 331.944942474
586712.0 909.067869186
586712.0 156.476974487
586700.0 331.889867783
586678.0 910.666942596
586678.0 161.798000336
586672.0 333.852052689
586672.0 156.404972076
586621.0 897.702932358
586621.0 149.003982544
586612.0 331.913948059
586603.0 919.663906097
586569.0 325.106143951
586567.0 326.53093338
586555.0 339.329004288
586481.0 898.550987244
586422.0 333.848953247
586415.0 338.012933731
586415.0 739.88699913
586373.0 330.357074738
586373.0 157.850980759
586349.0 338.849067688
586349.0 729.467153549
586349.0 153.949975967
586349.0 154.338121414
586347.0 915.52400589
586347.0 159.445047379
586323.0 329.356908798
586299.0 332.752943039
586299.0 727.213144302
586299.0 151.371002197
586299.0 151.448965073
586299.0 736.971855164
586299.0 155.557155609
586299.0 161.166191101
586270.0 330.153226852
586264.0 910.249948502
586245.0 334.646940231
586245.0 156.809091568
586245.0 735.178947449
586231.0 337.1489048
586231.0 159.125089645
586223.0 334.118843079
586223.0 726.450204849
586223.0 153.348922729
586221.0 322.984933853
586196.0 912.259101868
586183.0 336.498975754
586169.0 330.877065659
586167.0 333.106994629
586167.0 730.126857758
586167.0 158.624172211
586138.0 335.4139328
586134.0 913.195848465
586127.0 335.345983505
586115.0 334.744215012
586115.0 157.115936279
586115.0 725.435018539
586115.0 160.626888275
586104.0 334.619998932
586068.0 911.864995956
586068.0 158.047914505
586046.0 330.112934113
585976.0 331.070899963
585937.0 905.690908432
585937.0 157.325983047
585937.0 154.263973236
585916.0 905.321121216
585916.0 158.272981644
585916.0 157.864093781
585916.0 154.729127884
585916.0 734.063148499
585916.0 158.931016922
585916.0 157.57894516
585912.0 912.837028503
585884.0 337.198972702
585884.0 158.592939377
585857.0 328.084945679
585839.0 893.784999847
585839.0 151.099920273
585839.0 151.272058487
585839.0 743.10708046
585826.0 335.352897644
585826.0 156.135797501
585790.0 331.111907959
585786.0 909.226894379
585771.0 335.451126099
585752.0 334.511041641
585733.0 912.49704361
585723.0 332.135915756
585723.0 158.015966415
585723.0 152.823925018
585717.0 908.172130585
585717.0 159.363031387
585717.0 161.990880966
585686.0 908.156871796
585667.0 333.895921707
585667.0 157.445907593
585655.0 329.210042953
585655.0 731.620788574
585655.0 157.809019089
585617.0 335.340023041
585608.0 915.435791016
585608.0 158.093929291
585598.0 331.804990768
585566.0 328.608036041
585566.0 727.828979492
585566.0 158.341884613
585552.0 327.418088913
585552.0 738.91711235
585552.0 158.443927765
585552.0 160.07900238
585552.0 158.622980118
585552.0 730.387926102
585538.0 329.730987549
585515.0 328.520059586
585515.0 737.893819809
585515.0 158.742189407
585509.0 337.349891663
585509.0 160.197019577
585501.0 899.761915207
585497.0 329.696893692
585497.0 150.599956512
585497.0 738.767147064
585497.0 158.886194229
585497.0 159.263134003
585448.0 339.377880096
585436.0 908.676147461
585436.0 161.238908768
585435.0 335.048913956
585435.0 730.648994446
585396.0 337.764978409
585393.0 334.928035736
585381.0 338.601112366
585338.0 909.991979599
585338.0 159.103870392
585277.0 337.172031403
585277.0 732.883930206
585277.0 156.626939774
585253.0 339.426994324
585245.0 336.788892746
585245.0 733.111858368
585213.0 329.995155334
585185.0 335.488080978
585183.0 1025.67791939
585183.0 209.607124329
585157.0 540.531873703
585157.0 252.382040024
585157.0 1018.76401901
585157.0 253.138065338
585126.0 545.011997223
585126.0 1134.43517685
585126.0 442.744970322
585123.0 1202.63195038
585123.0 522.542953491
585048.0 2334.7530365
584994.0 1006.19411469
584975.0 972.692966461
584973.0 2215.09695053
584973.0 442.289113998
584958.0 1027.64487267
584958.0 455.607891083
584946.0 2208.89091492
584946.0 428.339958191
584946.0 462.672948837
584932.0 2305.6910038
584932.0 445.381164551
584932.0 437.193870544
584877.0 1062.24608421
584877.0 1729.3548584
584850.0 1142.9400444
584850.0 487.734079361
584825.0 2267.30513573
584825.0 404.860019684
584807.0 1034.71207619
584788.0 965.836048126
584788.0 1777.17518806
584781.0 964.603185654
584771.0 919.547796249
584720.0 2189.96596336
584720.0 455.429077148
584720.0 462.058067322
584714.0 932.451963425
584698.0 2139.71018791
584695.0 937.639951706
584695.0 452.200889587
584654.0 2261.45792007
584603.0 935.498952866
584587.0 915.136814117
584587.0 432.080030441
584587.0 1645.16997337
584515.0 834.810018539
584515.0 397.933959961
584515.0 1736.92417145
584496.0 854.970216751
584496.0 429.565906525
584448.0 880.748033524
584429.0 2176.48506165
584390.0 868.623018265
584342.0 907.059192657
584342.0 1584.95998383
584342.0 421.035051346
584342.0 433.501958847
584335.0 951.668024063
584301.0 2123.76594543
584296.0 863.620042801
584266.0 892.70401001
584218.0 2088.12093735
584193.0 933.988809586
584140.0 858.71219635
584110.0 838.665008545
584110.0 1693.72010231
584110.0 423.654079437
584084.0 868.548870087
584084.0 1662.81509399
584051.0 911.864042282
584001.0 937.362909317
584001.0 393.831968307
583983.0 2095.25799751
583983.0 414.307117462
583983.0 415.471076965
583983.0 1711.11798286
583983.0 425.699949265
583943.0 934.867143631
583943.0 422.842979431
583928.0 2193.82500648
583928.0 401.528835297
583928.0 381.323814392
583925.0 2184.82518196
583925.0 432.846069336
583914.0 959.904909134
583914.0 410.461902618
583903.0 2042.39201546
583903.0 384.850025177
583887.0 832.776069641
583887.0 1658.81490707
583859.0 894.198894501
583837.0 868.766784668
583831.0 951.339006424
583821.0 2166.0490036
583821.0 424.875974655
583818.0 865.510940552
583808.0 1988.7509346
583808.0 371.318101883
583808.0 405.700922012
583808.0 384.452819824
583808.0 1647.25399017
583807.0 932.651996613
583803.0 844.388008118
583796.0 2137.55702972
583796.0 424.050092697
583771.0 866.611003876
583771.0 409.701824188
583770.0 2123.98910522
583770.0 408.507823944
583741.0 899.361133575
583741.0 1664.32619095
583741.0 393.904924393
583740.0 844.01512146
583716.0 898.678064346
583712.0 2182.55591393
583712.0 426.800966263
583696.0 930.958032608
583694.0 2199.76902008
583694.0 419.958114624
583694.0 377.829790115
583677.0 924.53289032
583677.0 1656.27193451
583667.0 842.809915543
583587.0 896.104097366
583587.0 1641.6079998
583587.0 422.363996506
583587.0 417.542934418
583577.0 915.700912476
583552.0 2115.53812027
583552.0 408.560037613
583552.0 419.973134995
583530.0 2376.95598602
583530.0 354.099988937
583530.0 351.172924042
583522.0 768.042087555
583522.0 1624.47214127
583502.0 822.224855423
583455.0 915.32087326
583447.0 1986.09805107
583437.0 1064.58520889
583437.0 508.166074753
583437.0 436.257123947
583437.0 1732.25092888
583437.0 375.375032425
583437.0 399.551153183
583409.0 2322.15690613
583340.0 899.23286438
583330.0 906.955957413
583327.0 920.156002045
583327.0 1674.55482483
583294.0 841.940879822
583217.0 905.705928802
583217.0 1654.07800674
583192.0 915.9719944
583192.0 392.175912857
583175.0 927.346944809
583175.0 1679.78787422
583115.0 903.182983398
583092.0 942.354917526
583092.0 1633.71300697
583092.0 419.792890549
583050.0 929.171085358
583000.0 879.516839981
583000.0 1643.09000969
583000.0 417.42682457
583000.0 422.850847244
583000.0 1629.95696068
582976.0 877.51698494
582967.0 893.485069275
582945.0 912.874937057
582945.0 1601.40585899
582945.0 379.130840302
