145716.0 1092.19288826
145702.0 92.8521156311
145684.0 151.975154877
145651.0 87.3870849609
145648.0 87.3839855194
145606.0 86.728811264
145583.0 150.838136673
145554.0 88.1609916687
145554.0 38.9230251312
145554.0 38.5370254517
145541.0 150.899887085
145532.0 86.9309902191
145532.0 39.0892028809
145482.0 87.1179103851
145473.0 150.74801445
145471.0 87.3301029205
145471.0 38.5839939117
145471.0 39.1919612885
145420.0 151.515007019
145420.0 39.1790866852
145420.0 39.4599437714
145409.0 86.991071701
145409.0 102.583169937
145367.0 87.2890949249
145367.0 38.7470722198
145333.0 87.7292156219
145297.0 150.231838226
145265.0 87.2929096222
145261.0 86.9009494781
145261.0 104.673862457
145261.0 38.4759902954
145261.0 38.3560657501
145261.0 38.4287834167
145241.0 151.905059814
145237.0 88.1369113922
145235.0 86.7340564728
145214.0 86.5480899811
145205.0 152.048110962
145205.0 39.0040874481
145195.0 87.0628356934
145181.0 87.3100757599
145166.0 152.543067932
145153.0 86.709022522
145142.0 86.9572162628
145142.0 38.6319160461
145142.0 103.663921356
145142.0 38.6800765991
145137.0 86.452960968
145131.0 87.2321128845
145131.0 103.106975555
145078.0 88.7541770935
145059.0 87.1081352234
145059.0 38.712978363
145049.0 151.311159134
145019.0 86.9338512421
145019.0 38.7439727783
145019.0 38.9778614044
145019.0 103.546857834
145019.0 38.4349822998
145014.0 86.5738391876
145006.0 87.9731178284
144978.0 150.889873505
144957.0 86.699962616
144953.0 86.4009857178
144953.0 38.5649204254
144943.0 150.541067123
144943.0 38.7358665466
144920.0 86.9781970978
144920.0 39.675951004
144920.0 102.31423378
144920.0 38.9149188995
144920.0 38.8340950012
144919.0 152.555942535
144919.0 38.6590957642
144878.0 86.9400501251
144878.0 38.3470058441
144796.0 151.94606781
144796.0 38.9659404755
144796.0 41.1298274994
144796.0 38.3329391479
144773.0 151.603221893
144773.0 38.920879364
144749.0 86.6448879242
144715.0 86.7919921875
144691.0 151.972055435
144658.0 87.1379375458
144624.0 87.7289772034
144610.0 86.846113205
144610.0 103.173971176
144584.0 86.5259170532
144557.0 86.277961731
144524.0 86.4419937134
144524.0 102.566003799
144524.0 39.6010875702
144524.0 38.6440753937
144517.0 86.7698192596
144489.0 151.710987091
144485.0 87.7430438995
144485.0 39.0589237213
144454.0 87.0249271393
144454.0 105.359077454
144445.0 86.7621898651
144370.0 86.9770050049
144353.0 87.3742103577
144353.0 102.76889801
144314.0 87.0468616486
144238.0 86.5149497986
144238.0 38.5859012604
144236.0 151.375055313
144236.0 38.6939048767
144220.0 86.4391326904
144209.0 86.4090919495
144209.0 102.28395462
144188.0 86.620092392
144168.0 87.1741771698
144110.0 86.9209766388
144110.0 101.915121078
144110.0 38.5031700134
144066.0 86.5950584412
144066.0 105.150938034
144066.0 39.6678447723
144066.0 39.0028953552
144066.0 39.6699905396
144046.0 151.957988739
144046.0 38.6769771576
144039.0 86.8449211121
144029.0 86.669921875
144029.0 103.646039963
144029.0 38.5990142822
144028.0 86.8580341339
144014.0 86.4229202271
143966.0 151.964902878
143966.0 38.3129119873
143966.0 39.5510196686
143966.0 39.1519069672
143966.0 103.354930878
143966.0 38.7370586395
143899.0 86.9889259338
143899.0 38.5298728943
143848.0 151.244163513
143848.0 38.8100147247
143848.0 38.5921001434
143832.0 86.807012558
143832.0 103.528022766
143832.0 38.4559631348
143832.0 38.6440753937
143832.0 38.8991832733
143832.0 103.337049484
143818.0 86.2150192261
143816.0 86.6889953613
143805.0 86.492061615
143795.0 150.983095169
143795.0 38.7580394745
143792.0 86.6641998291
143792.0 38.48695755
143792.0 102.290153503
143737.0 86.7099761963
143737.0 38.5720729828
143708.0 86.8120193481
143634.0 150.402069092
143623.0 86.4989757538
143574.0 86.7891311646
143574.0 104.216098785
143521.0 87.317943573
143521.0 38.311958313
143505.0 87.4722003937
143483.0 151.760816574
143483.0 38.9797687531
143458.0 87.0690345764
143458.0 38.7139320374
143415.0 152.226924896
143410.0 86.8101119995
143410.0 38.7539863586
143384.0 86.6801738739
143384.0 104.336023331
143384.0 38.8338565826
143384.0 38.409948349
143382.0 87.0230197906
143363.0 151.390790939
143363.0 38.6271476746
143342.0 86.3602161407
143342.0 38.4709835052
143336.0 151.379823685
143336.0 38.8259887695
143336.0 39.0110015869
143336.0 38.4809970856
143336.0 102.59604454
143336.0 38.5389328003
143326.0 86.6761207581
143304.0 87.219953537
143304.0 102.735996246
143282.0 86.6329669952
143257.0 86.7137908936
143257.0 38.7051105499
143257.0 102.900028229
143257.0 38.5348796844
143219.0 86.9250297546
143219.0 39.0260219574
143213.0 150.948047638
143191.0 86.6858959198
143191.0 39.2670631409
143191.0 38.7921333313
143158.0 150.120019913
143147.0 86.8790149689
143147.0 39.1509532928
143136.0 152.5349617
143136.0 38.8770103455
143136.0 38.4340286255
143132.0 86.1539840698
143132.0 104.408979416
143132.0 38.9201641083
143132.0 38.5580062866
143127.0 86.6858959198
143127.0 104.198932648
143127.0 38.8350486755
143118.0 86.6680145264
143101.0 86.9679450989
143085.0 151.862859726
143085.0 38.712978363
143085.0 38.5057926178
143076.0 87.3730182648
143076.0 103.73711586
143076.0 38.7201309204
143076.0 38.4449958801
143023.0 86.9369506836
143005.0 151.278018951
143005.0 38.6559963226
143005.0 38.9890670776
142985.0 86.6451263428
142985.0 103.06596756
142985.0 38.5520458221
142985.0 38.7771129608
142985.0 38.8939380646
142967.0 150.973081589
142967.0 39.1159057617
142967.0 38.6309623718
142967.0 39.1509532928
142929.0 150.906085968
142929.0 38.9320850372
142906.0 86.3380432129
142862.0 86.6918563843
142845.0 150.635957718
142828.0 87.023973465
142828.0 38.5799407959
142828.0 38.8960838318
142828.0 102.118015289
142819.0 87.1369838715
142772.0 87.2709751129
142699.0 87.415933609
142671.0 149.801969528
142671.0 38.6569499969
142667.0 86.9069099426
142664.0 152.684926987
142664.0 39.1199588776
142662.0 87.3119831085
142624.0 87.1980190277
142572.0 152.508974075
142564.0 86.7779254913
142560.0 87.5117778778
142543.0 86.8809223175
142543.0 103.656053543
142519.0 86.8458747864
142519.0 38.7179851532
142519.0 38.8000011444
142511.0 151.255846024
142493.0 86.7328643799
142493.0 38.8338565826
142489.0 87.1500968933
142459.0 151.662111282
142459.0 39.6630764008
142448.0 86.6439342499
142448.0 38.6598110199
142448.0 102.783203125
142428.0 87.0609283447
142428.0 38.8338565826
142428.0 39.1120910645
142402.0 150.739192963
142385.0 86.7559909821
142385.0 38.4640693665
142385.0 38.9580726624
142363.0 150.837898254
142363.0 38.6462211609
142362.0 87.7680778503
142362.0 38.6159420013
142360.0 150.780916214
142360.0 39.1690731049
142317.0 86.4841938019
142308.0 86.7500305176
142308.0 102.110862732
142308.0 38.8729572296
142299.0 87.1450901031
142263.0 86.8630409241
142263.0 101.926088333
142263.0 38.5730266571
142256.0 87.3351097107
142256.0 104.702949524
142256.0 39.1178131104
142256.0 38.6090278625
142239.0 86.5468978882
142239.0 104.479074478
142239.0 38.8469696045
142187.0 87.1970653534
142187.0 38.6340618134
142119.0 151.869058609
142119.0 38.6810302734
142119.0 38.7561321259
142119.0 38.7110710144
142111.0 152.019023895
142111.0 39.1249656677
142111.0 38.9859676361
142111.0 39.0100479126
142105.0 151.69095993
142105.0 38.7518405914
142105.0 38.7060642242
142088.0 86.7340564728
142088.0 103.611946106
142061.0 86.9479179382
142032.0 87.0909690857
141994.0 87.1160030365
141994.0 103.286981583
141961.0 87.1610641479
141961.0 39.1659736633
141952.0 87.8350734711
141907.0 151.785850525
141894.0 88.3901119232
141894.0 38.7508869171
141888.0 87.2130393982
141888.0 103.180885315
141888.0 39.1988754272
141888.0 38.4480953217
141853.0 88.2129669189
141853.0 106.787919998
141816.0 97.6390838623
141788.0 91.8049812317
141788.0 41.4819717407
141788.0 102.970123291
141788.0 39.1359329224
141788.0 38.8460159302
141788.0 105.150938034
141788.0 38.8340950012
141764.0 86.6749286652
141764.0 38.6760234833
141764.0 104.325056076
141764.0 41.5000915527
141759.0 86.9159698486
141743.0 86.4889621735
141733.0 152.251005173
141719.0 89.1439914703
141719.0 41.0571098328
141719.0 38.8691425323
141695.0 151.813030243
141677.0 86.7221355438
141657.0 87.0108604431
141657.0 38.7089252472
141649.0 151.809930801
141639.0 86.8391990662
141603.0 86.6379737854
141597.0 86.6439342499
141562.0 151.908874512
141562.0 38.9130115509
141562.0 38.633108139
141562.0 38.3551120758
141562.0 103.106975555
141562.0 38.7980937958
141534.0 86.9379043579
141484.0 87.3308181763
141484.0 103.316068649
141484.0 38.6881828308
141466.0 86.8511199951
141422.0 87.1660709381
141418.0 151.352882385
141418.0 39.3400192261
141403.0 86.6379737854
141403.0 38.6121273041
141403.0 103.198051453
141403.0 39.2329692841
141403.0 38.5849475861
141387.0 86.7500305176
141387.0 103.167057037
141359.0 86.9410037994
141359.0 38.8300418854
141359.0 38.7721061707
141293.0 149.919033051
141293.0 38.9959812164
141293.0 39.027929306
141200.0 190.901041031
141164.0 87.1179103851
141141.0 87.4960422516
141138.0 86.718082428
141138.0 104.12311554
141127.0 86.6508483887
141112.0 87.2218608856
141045.0 86.9319438934
141045.0 103.8210392
141045.0 38.7601852417
141045.0 39.1840934753
141045.0 38.9590263367
141031.0 151.671886444
141031.0 38.8851165771
141031.0 38.6071205139
141029.0 86.6169929504
141029.0 103.6901474
141026.0 87.0230197906
141026.0 38.8600826263
141026.0 38.4488105774
141026.0 103.240013123
141026.0 39.1089916229
140990.0 87.0881080627
140990.0 38.7251377106
140970.0 151.321172714
140970.0 38.8569831848
140960.0 86.7989063263
140938.0 86.9770050049
140938.0 102.876186371
140895.0 86.8430137634
140869.0 87.2600078583
140869.0 38.8171672821
140863.0 151.937007904
140851.0 87.4428749084
140847.0 87.278842926
140847.0 38.813829422
140847.0 102.246999741
140828.0 87.4269008636
140827.0 87.1069431305
140792.0 86.5340232849
140777.0 150.254964828
140777.0 38.5909080505
140723.0 86.8620872498
140718.0 152.809858322
140718.0 38.8650894165
140718.0 38.388967514
140718.0 38.7048721313
140718.0 104.440927505
140699.0 87.0521068573
140699.0 39.4160747528
140682.0 86.8680477142
140674.0 152.371168137
140672.0 87.1090888977
140672.0 38.950920105
140672.0 39.0031337738
140672.0 104.260921478
140656.0 87.0718955994
140614.0 86.6830348969
140614.0 38.8691425323
140614.0 104.867935181
140614.0 39.2479896545
140596.0 86.5700244904
140564.0 87.1498584747
140564.0 104.096889496
140488.0 87.0249271393
140470.0 86.8358612061
140470.0 38.6898517609
140470.0 103.113889694
140452.0 87.0370864868
140408.0 87.3911380768
140403.0 87.336063385
140392.0 152.204036713
140360.0 86.9300365448
140343.0 86.4231586456
140343.0 38.8960838318
140343.0 102.873086929
140302.0 86.9271755219
140301.0 86.6050720215
140301.0 38.8648509979
140286.0 150.660037994
140286.0 39.6451950073
140284.0 87.7509117126
140265.0 87.0850086212
140265.0 102.519035339
140245.0 87.4600410461
140213.0 91.3281440735
140213.0 105.448961258
140194.0 87.4330997467
140194.0 38.4700298309
140194.0 39.0408039093
140194.0 104.968070984
140194.0 39.4291877747
140194.0 38.7189388275
140185.0 86.9810581207
140185.0 104.57277298
140185.0 38.8820171356
140176.0 87.0869159698
140176.0 39.2458438873
140174.0 152.531862259
140154.0 87.0289802551
140114.0 87.0671272278
140111.0 87.5790119171
140060.0 152.307033539
140045.0 87.3420238495
140045.0 38.5777950287
140026.0 87.3579978943
140026.0 105.008840561
140026.0 38.9981269836
140015.0 87.0997905731
140015.0 38.6838912964
140008.0 152.200937271
140008.0 38.9840602875
139997.0 87.4309539795
139997.0 39.0701293945
139986.0 151.473999023
139986.0 38.6319160461
139977.0 86.9908332825
139972.0 86.7269039154
139972.0 103.512048721
139960.0 87.4648094177
139946.0 86.4148139954
139946.0 38.743019104
139905.0 151.218891144
139905.0 38.703918457
139886.0 86.7431163788
139886.0 38.6850833893
139886.0 102.648019791
139876.0 86.7590904236
139876.0 39.1671657562
139876.0 39.0751361847
139876.0 102.020025253
139800.0 86.9979858398
139786.0 86.6420269012
139786.0 104.630947113
139772.0 87.4538421631
139772.0 38.6440753937
139761.0 86.9379043579
139749.0 152.390003204
139749.0 38.6891365051
139748.0 86.9829654694
139748.0 38.999080658
139748.0 103.996992111
139737.0 86.9209766388
139694.0 87.3248577118
139694.0 38.645029068
139694.0 103.595972061
139694.0 38.7370586395
139677.0 86.9400501251
139677.0 38.8989448547
139677.0 103.926897049
139659.0 87.6641273499
139659.0 38.7070178986
139659.0 38.5761260986
139659.0 103.409051895
139638.0 87.4938964844
139599.0 87.1729850769
139582.0 87.4328613281
139582.0 103.23882103
139582.0 38.782119751
139582.0 38.712978363
139582.0 38.8989448547
139582.0 103.467941284
139527.0 86.7989063263
139489.0 86.8539810181
139489.0 38.6598110199
139489.0 102.838039398
139489.0 39.2909049988
139489.0 38.6159420013
139485.0 86.813211441
139485.0 102.627038956
139477.0 87.2159004211
139458.0 87.0540142059
139458.0 38.7489795685
139458.0 102.113962173
139458.0 39.1898155212
139458.0 38.9699935913
139458.0 104.652166367
139436.0 86.5640640259
139436.0 38.3498668671
139436.0 38.5060310364
139436.0 104.412078857
139434.0 86.9071483612
139411.0 87.170124054
139404.0 87.2189998627
139382.0 152.768135071
139378.0 87.0759487152
139376.0 87.2418880463
139367.0 86.8940353394
139332.0 152.555942535
139332.0 39.2780303955
139315.0 87.5239372253
139296.0 86.5859985352
139296.0 103.533983231
139296.0 38.745880127
139296.0 38.4879112244
139296.0 38.8679504395
139296.0 103.660821915
139296.0 38.8400554657
139296.0 38.9580726624
139296.0 39.0939712524
139296.0 103.419065475
139296.0 38.6610031128
139296.0 39.1299724579
139289.0 87.2371196747
139230.0 151.010990143
139215.0 86.9131088257
139206.0 87.525844574
139206.0 38.9130115509
139197.0 151.288032532
139180.0 87.2840881348
139162.0 86.6928100586
139162.0 38.7041568756
139151.0 150.426864624
139151.0 38.9659404755
139145.0 87.4090194702
139145.0 38.6469364166
139104.0 150.588989258
139095.0 87.3968601227
139060.0 87.0978832245
139060.0 105.558872223
139007.0 87.2762203217
139007.0 38.7051105499
139007.0 38.8770103455
138990.0 152.956008911
138990.0 39.3879413605
138984.0 87.3210430145
138984.0 38.9521121979
138984.0 104.196071625
138957.0 86.893081665
138933.0 87.1069431305
138932.0 87.1441364288
138932.0 104.971885681
138932.0 38.547039032
138913.0 87.2709751129
138901.0 87.2659683228
138898.0 152.302026749
138898.0 38.9540195465
138880.0 86.7528915405
138876.0 87.208032608
138863.0 151.689052582
138850.0 87.0339870453
138850.0 38.5189056396
138843.0 86.4770412445
138804.0 151.173114777
138804.0 38.7690067291
138804.0 39.3438339233
138792.0 87.1489048004
138791.0 150.91586113
138780.0 86.746931076
138745.0 86.5812301636
138716.0 86.9200229645
138716.0 103.246927261
138716.0 39.0679836273
138707.0 87.8300666809
138707.0 38.6159420013
138690.0 151.690006256
138683.0 86.7619514465
138683.0 0.00214576721191
138683.0 38.9029979706
138663.0 86.5001678467
138663.0 103.10292244
138655.0 86.6889953613
138655.0 38.9978885651
138652.0 86.9500637054
138652.0 102.04410553
138588.0 87.5809192657
138588.0 38.6381149292
138588.0 105.554819107
138588.0 38.9730930328
138582.0 87.6200199127
138582.0 38.6509895325
138582.0 104.155063629
138535.0 86.8310928345
138505.0 87.2929096222
138467.0 86.9150161743
138467.0 103.739023209
138454.0 87.0440006256
138380.0 87.3639583588
138371.0 86.8740081787
138349.0 151.943206787
138349.0 38.2890701294
138349.0 38.6641025543
138333.0 86.7309570312
138331.0 152.425050735
138328.0 86.991071701
138305.0 86.7919921875
138272.0 86.7600440979
138249.0 151.561021805
138249.0 38.9750003815
138249.0 39.2310619354
138249.0 38.843870163
138249.0 102.957963943
138194.0 86.6339206696
138182.0 86.8320465088
138137.0 87.4879360199
138135.0 151.245832443
138111.0 86.6010189056
138045.0 87.012052536
138015.0 87.4080657959
137969.0 151.241064072
137969.0 39.0059947968
137969.0 38.9349460602
137966.0 86.7040157318
137966.0 103.140115738
137927.0 87.3160362244
137927.0 39.8712158203
137891.0 87.3332023621
137891.0 103.029966354
137864.0 86.6940021515
137834.0 87.198972702
137818.0 154.541015625
137817.0 87.0649814606
137794.0 86.3461494446
137780.0 87.4860286713
137756.0 153.032779694
137756.0 39.0989780426
137740.0 87.3689651489
137733.0 87.2468948364
137733.0 104.293107986
137722.0 88.5000228882
137708.0 87.5828266144
137708.0 38.9528274536
137684.0 152.424812317
137684.0 39.0839576721
137684.0 39.0601158142
137672.0 87.1629714966
137623.0 152.299880981
137586.0 86.9920253754
137586.0 38.5241508484
137586.0 38.5448932648
137586.0 103.788852692
137586.0 39.0818119049
137586.0 38.8150215149
137586.0 38.8679504395
137570.0 151.67093277
137561.0 87.3210430145
137561.0 38.7392044067
137550.0 87.5639915466
137550.0 103.453159332
137515.0 87.0299339294
137515.0 38.6209487915
137479.0 87.0189666748
137479.0 103.515148163
137479.0 39.6921634674
137479.0 38.4769439697
137479.0 39.1590595245
137444.0 151.09705925
137419.0 87.2509479523
137419.0 39.1199588776
137372.0 87.2578620911
137312.0 150.882005692
137281.0 87.1779918671
137266.0 87.0759487152
137266.0 105.044126511
137266.0 38.8038158417
137266.0 38.4948253632
137266.0 38.8479232788
137266.0 104.762077332
137259.0 87.2890949249
137254.0 86.923122406
137254.0 38.1820201874
137225.0 154.193878174
137225.0 38.7370586395
137225.0 39.4480228424
137225.0 39.3421649933
137203.0 152.57692337
137203.0 39.214849472
137203.0 38.8560295105
137182.0 87.0478153229
137182.0 104.37297821
137182.0 38.5899543762
137182.0 38.6159420013
137182.0 39.1609668732
137136.0 152.036190033
137136.0 39.2730236053
137136.0 39.2830371857
137135.0 86.5850448608
137135.0 103.672981262
137135.0 39.1719341278
137135.0 39.0470027924
137131.0 87.0769023895
137130.0 151.679992676
137130.0 39.088010788
137120.0 87.1629714966
137106.0 87.9888534546
137106.0 103.665828705
137084.0 87.3320102692
137082.0 87.0280265808
137082.0 38.6490821838
137082.0 103.156089783
137082.0 38.850069046
137082.0 38.792848587
137082.0 38.5520458221
137071.0 151.645183563
137064.0 89.1690254211
137064.0 38.9461517334
137064.0 38.7859344482
137064.0 102.10609436
137064.0 38.6378765106
137064.0 38.8219356537
137064.0 105.434894562
137064.0 39.1359329224
137064.0 39.8750305176
137040.0 88.8838768005
137040.0 111.456871033
137014.0 93.5728549957
137011.0 87.4500274658
137011.0 39.2160415649
137011.0 104.789972305
137011.0 39.0379428864
137011.0 39.5460128784
137011.0 39.1829013824
137011.0 107.203960419
136989.0 91.775894165
136989.0 40.3869152069
136989.0 39.4639968872
136988.0 158.447980881
136988.0 41.2321090698
136980.0 96.7299938202
136980.0 41.1729812622
136980.0 112.971067429
136961.0 95.1690673828
136932.0 93.768119812
136920.0 91.185092926
136887.0 161.763906479
136883.0 93.1961536407
136883.0 41.8348312378
136876.0 92.6480293274
136876.0 114.122867584
136876.0 43.1180000305
136852.0 95.1390266418
136837.0 94.6960449219
136812.0 168.380022049
136812.0 41.7230129242
136782.0 93.5490131378
136751.0 93.3630466461
136725.0 164.900064468
136709.0 93.0659770966
136703.0 93.1899547577
136698.0 93.3470726013
136698.0 113.37685585
136694.0 93.2409763336
136694.0 42.2470569611
136694.0 115.967035294
136677.0 94.5971012115
136677.0 40.470123291
136677.0 40.9879684448
136677.0 115.134000778
136666.0 93.6200618744
136657.0 91.9399261475
136657.0 41.8698787689
136657.0 115.514993668
136657.0 41.167974472
136657.0 41.0668849945
136616.0 93.4979915619
136600.0 166.806936264
136600.0 41.6760444641
136600.0 41.442155838
136599.0 93.4929847717
136599.0 116.250991821
136576.0 92.5190448761
136576.0 41.1849021912
136569.0 92.8781032562
136569.0 114.665985107
136564.0 93.0898189545
136564.0 42.0401096344
136556.0 93.8079357147
136548.0 166.718959808
136545.0 95.2060222626
136545.0 40.5671596527
136508.0 92.5421714783
136508.0 114.4759655
136508.0 42.3510074615
136499.0 92.3879146576
136499.0 42.2239303589
136471.0 166.023015976
136459.0 93.850851059
136424.0 93.3439731598
136398.0 93.8549041748
136382.0 167.26899147
136380.0 98.6058712006
136364.0 102.159976959
136285.0 101.652145386
136285.0 113.535165787
136273.0 98.335981369
136271.0 105.450153351
136271.0 127.223014832
136271.0 48.6059188843
136271.0 46.8900203705
136228.0 102.900028229
136228.0 139.969825745
136228.0 44.5930957794
136228.0 49.6761798859
136228.0 53.3421039581
136173.0 185.163974762
136154.0 123.320817947
136154.0 48.3069419861
136154.0 46.7729568481
136154.0 182.928800583
136154.0 65.2258396149
136154.0 43.3449745178
136145.0 150.162220001
136130.0 201.42698288
136130.0 58.1791400909
136130.0 46.6909408569
136069.0 96.5359210968
136069.0 134.966850281
136048.0 126.269102097
136032.0 109.164953232
136032.0 41.885137558
136032.0 127.372026443
136006.0 92.5059318542
136006.0 40.9159660339
135982.0 93.428850174
135954.0 166.918992996
135954.0 42.2670841217
135954.0 41.6638851166
135939.0 94.0580368042
135918.0 168.574094772
135918.0 42.4718856812
135918.0 41.1820411682
135888.0 92.8709506989
135888.0 119.385004044
135863.0 94.1319465637
135863.0 43.1461334229
135863.0 41.6328907013
135860.0 167.114973068
135845.0 92.7698612213
135845.0 43.0059432983
135818.0 95.535993576
135808.0 169.295072556
135787.0 93.5389995575
135763.0 93.8329696655
135733.0 160.163164139
135648.0 99.7569561005
135636.0 103.805065155
135617.0 96.9059467316
135617.0 106.423854828
135601.0 88.1831645966
135601.0 39.6280288696
135601.0 39.2460823059
135601.0 106.024026871
135601.0 39.3800735474
135601.0 39.5090579987
135601.0 39.7279262543
135583.0 156.610965729
135550.0 88.8259410858
135542.0 90.2888774872
135542.0 39.6511554718
135520.0 187.407970428
135520.0 52.9828071594
135520.0 39.1709804535
135520.0 39.3130779266
135520.0 105.209827423
135520.0 39.68501091
135520.0 40.6889915466
135520.0 43.1320667267
135510.0 162.631034851
135505.0 90.0268554688
135437.0 89.0309810638
135424.0 88.6569023132
135417.0 159.379959106
135417.0 38.8729572296
135417.0 40.4009819031
135417.0 47.4920272827
135417.0 110.783815384
135417.0 40.2860641479
135397.0 90.7981395721
135397.0 39.1669273376
135397.0 105.297088623
135397.0 40.3559207916
135363.0 88.7050628662
135339.0 92.2868251801
135339.0 106.925010681
135339.0 42.2120094299
135326.0 94.1500663757
135326.0 106.552839279
135326.0 39.0248298645
135314.0 91.639995575
135314.0 39.2141342163
135289.0 156.676054001
135249.0 95.1919555664
135240.0 89.7250175476
135208.0 89.5500183105
135176.0 166.572093964
135154.0 91.5260314941
135113.0 89.9999141693
135113.0 39.6928787231
135113.0 123.44789505
135093.0 90.3780460358
135074.0 89.5788669586
135039.0 88.0041122437
135023.0 153.721094131
135019.0 87.8031253815
135010.0 91.0499095917
135001.0 93.1439399719
135001.0 108.761072159
134982.0 113.90709877
134949.0 128.701925278
134931.0 94.367980957
134931.0 113.790988922
134915.0 91.639995575
134885.0 93.6090946198
134885.0 41.6259765625
134885.0 114.249944687
134885.0 39.9520397186
134885.0 46.4200973511
134885.0 39.8530960083
134885.0 105.495929718
134885.0 39.0250682831
134885.0 61.8679523468
134858.0 144.185781479
134846.0 175.332069397
134844.0 92.0701026917
134844.0 46.795129776
134844.0 49.6380329132
